na des menschen ghemoed neemt alle ding zyn beelde
[['na', 0], ['des', 0], ['men', 1], ['schen', 0], ['ghe', 0], ['moed', 1], ['neemt', 0], ['al', 1], ['le', 0], ['ding', 1], ['zyn', 0], ['beel', 1], ['de', 0]]
------------problem: Tweeldigh paradijs en was Adam gheen weelde
tweeldigh paradijs en was adam gheen weelde
[['tweel', 1], ['digh', 0], ['pa', 0], ['ra', 0], ['dijs', 1], ['en', 0], ['was', 1], ['a', 0], ['dam', 1], ['gheen', 0], ['weel', 1], ['de', 0]]
zó en is den armen die in gód kan verblyden
[['zó', 1], ['en', 0], ['is', 0], ['den', 0], ['ar', 1], ['men', 0], ['die', 0], ['in', 0], ['gód', 0], ['kan', 1], ['ver', 0], ['bly', 1], ['den', 0]]
zyn ghebreck gheen ghebreck maar oeffening van stryden
[['zyn', 1], ['ghe', 0], ['breck', 1], ['gheen', 0], ['ghe', 0], ['breck', 1], ['maar', 0], ['oef', 1], ['fe', 0], ['ning', 0], ['van', 0], ['stry', 1], ['den', 0]]
in tydlyck goed vintmer arm middelbaar en ryck
[['in', 0], ['tyd', 1], ['lyck', 0], ['goed', 1], ['vint', 1], ['mer', 0], ['arm', 1], ['mid', 1], ['del', 0], ['baar', 1], ['en', 0], ['ryck', 1]]
------------problem: Tleuen der Armen waant elck mensch ellendigh
tleuen der armen waant elck mensch ellendigh
[['tle', 1], ['uen', 0], ['der', 0], ['ar', 1], ['men', 0], ['waant', 1], ['elck', 0], ['mensch', 1], ['el', 0], ['len', 1], ['digh', 0]]
------------problem: Tghêmene pynlyck omme darbeyd bestendigh
tghêmene pynlyck omme darbeyd bestendigh
[['tghê', 0], ['me', 1], ['ne', 0], ['pyn', 1], ['lyck', 0], ['om', 1], ['me', 0], ['dar', 1], ['beyd', 0], ['besten', 1], ['digh', 0]]
------------problem: Maar trycke zaligh door weeldes valsche blyck
maar trycke zaligh door weeldes valsche blyck
[['maar', 0], ['tryc', 1], ['ke', 0], ['za', 1], ['ligh', 0], ['door', 0], ['weel', 1], ['des', 0], ['val', 1], ['sche', 0], ['blyck', 1]]
dus jaaght elck na ryckdom met gheweld óff pracktyck
[['dus', 0], ['jaaght', 1], ['elck', 0], ['na', 0], ['ryck', 1], ['dom', 0], ['met', 1], ['ghe', 0], ['weld', 1], ['óff', 0], ['prac', 1], ['ktyck', 0]]
------------problem: Door tverkeerde óórdeel verleyt zynde schendigh
door tverkeerde óórdeel verleyt zynde schendigh
[['door', 0], ['tver', 0], ['keer', 1], ['de', 0], ['o', 1], ['́ór', 1], ['deel', 1], ['ver', 0], ['leyt', 1], ['zyn', 0], ['de', 0], ['schen', 1], ['digh', 0]]
------------problem: Want tis niet buyten maar in elck inwendigh
want tis niet buyten maar in elck inwendigh
[['want', 1], ['tis', 0], ['niet', 0], ['buy', 1], ['ten', 0], ['maar', 1], ['in', 0], ['elck', 1], ['in', 0], ['wen', 1], ['digh', 0]]
zó wat verblyt óf bedroeft ons leven al ghelyck
[['zó', 1], ['wat', 0], ['ver', 0], ['blyt', 1], ['óf', 1], ['be', 0], ['droeft', 1], ['ons', 0], ['le', 1], ['ven', 0], ['al', 1], ['ghe', 0], ['lyck', 1]]
men vint zó wel rycken als armen die trueren
[['men', 0], ['vint', 1], ['zó', 0], ['wel', 0], ['ryc', 1], ['ken', 0], ['als', 0], ['ar', 1], ['men', 0], ['die', 0], ['true', 1], ['ren', 0]]
immers de gróótste druck druckt den gróótsten dueren
[['i', 0], ['m', 1], ['mers', 0], ['de', 0], ['gro', 1], ['́ót', 1], ['ste', 0], ['druck', 1], ['druckt', 0], ['den', 0], ['gro', 0], ['́óts', 1], ['ten', 0], ['due', 1], ['ren', 0]]
alsmen gróte vrueghde in kleine huttekens ziet
[['als', 1], ['men', 0], ['gró', 1], ['te', 0], ['vruegh', 1], ['de', 0], ['in', 0], ['klei', 1], ['ne', 0], ['hut', 0], ['te', 1], ['kens', 0], ['ziet', 1]]
------------problem: Dit moght niet zyn zó duyterlycke dinghen
dit moght niet zyn zó duyterlycke dinghen
[['dit', 0], ['moght', 1], ['niet', 0], ['zyn', 1], ['zó', 0], ['duy', 1], ['ter', 0], ['lyc', 0], ['ke', 0], ['din', 1], ['ghen', 0]]
uyt haren aart vrueghd óf druck nóódlyck vóórtbringen
[['uyt', 0], ['ha', 1], ['ren', 0], ['aart', 0], ['vrueghd', 1], ['óf', 0], ['druck', 1], ['no', 1], ['́ód', 0], ['lyck', 0], ['vo', 1], ['́órt', 0], ['brin', 1], ['gen', 0]]
dus baart ryckdom gheen lust nóch armoe gheen verdriet
[['dus', 0], ['baart', 1], ['ryck', 1], ['dom', 0], ['gheen', 0], ['lust', 1], ['nóch', 0], ['ar', 1], ['moe', 0], ['gheen', 1], ['ver', 0], ['driet', 1]]
rijck verghat jób gód niet maar deylde overvloedigh
[['rijck', 1], ['ver', 0], ['ghat', 1], ['jób', 0], ['gód', 0], ['niet', 1], ['maar', 0], ['deyl', 1], ['de', 0], ['o', 1], ['ver', 0], ['vloe', 1], ['digh', 0]]
arm lasterde hy niet maar prees gód ghelyckmoedigh
[['arm', 1], ['las', 1], ['ter', 0], ['de', 0], ['hy', 1], ['niet', 1], ['maar', 0], ['prees', 1], ['gód', 0], ['ghe', 0], ['lyck', 0], ['moe', 1], ['digh', 0]]
gódsvruchticheyd is nut tót allen dinghen ghemeyn
[['góds', 0], ['vruch', 1], ['tic', 0], ['heyd', 1], ['is', 0], ['nut', 1], ['tót', 0], ['al', 1], ['len', 0], ['din', 1], ['ghen', 0], ['ghe', 0], ['meyn', 1]]
den reynen ist al reyn den onreynen ist al onreyn
[['den', 0], ['rey', 1], ['nen', 0], ['ist', 0], ['al', 0], ['reyn', 1], ['den', 0], ['on', 0], ['rey', 1], ['nen', 0], ['ist', 0], ['al', 1], ['on', 0], ['reyn', 1]]
der dinghen recht gebruyck brengt vrólickheyd en baat
[['der', 0], ['din', 1], ['ghen', 0], ['recht', 1], ['ge', 0], ['bruyck', 1], ['brengt', 0], ['vró', 1], ['lick', 0], ['heyd', 1], ['en', 0], ['baat', 1]]
------------problem: Maar tmisbruyck gheeft schade met schuldige pyne
maar tmisbruyck gheeft schade met schuldige pyne
[['maar', 0], ['tmis', 0], ['bruyck', 1], ['gheeft', 0], ['scha', 1], ['de', 0], ['met', 0], ['schul', 1], ['di', 0], ['ge', 0], ['py', 1], ['ne', 0]]
de dronckaart zuyckt zieckte uyt ghezonden wyne
[['de', 0], ['dronc', 1], ['kaart', 0], ['zuyckt', 0], ['ziec', 1], ['kte', 0], ['uyt', 1], ['ghe', 0], ['zon', 1], ['den', 0], ['wy', 1], ['ne', 0]]
want zijn zótheyd en kent haar kracht eynde nóch maat
[['want', 0], ['zijn', 1], ['zót', 0], ['heyd', 1], ['en', 0], ['kent', 0], ['haar', 1], ['kracht', 0], ['eyn', 1], ['de', 0], ['nóch', 0], ['maat', 1]]
daar teghen bruyckt wysheyd die des dings aard verstaat
[['daar', 0], ['te', 1], ['ghen', 0], ['bruyckt', 1], ['wys', 0], ['heyd', 1], ['die', 0], ['des', 1], ['dings', 0], ['aard', 1], ['ver', 0], ['staat', 1]]
tot ghezontheyts lust óóck dóódelycke venyne
[['tot', 1], ['ghe', 0], ['zont', 1], ['heyts', 0], ['lust', 1], ['o', 1], ['́óck', 1], ['do', 0], ['́ó', 1], ['de', 0], ['lyc', 1], ['ke', 0], ['ve', 0], ['ny', 1], ['ne', 0]]
ghezond terdtmen veyligh dóór dóórnen inde woestyne
[['ghe', 0], ['zond', 1], ['terdt', 0], ['men', 0], ['vey', 1], ['ligh', 0], ['do', 1], ['́ór', 0], ['do', 0], ['́ór', 1], ['nen', 0], ['in', 1], ['de', 0], ['woes', 1], ['ty', 1], ['ne', 0]]
als een dóórnighe voet pynlyck op pluymen staat
[['als', 0], ['een', 1], ['do', 0], ['́ór', 1], ['ni', 0], ['ghe', 0], ['voet', 1], ['pyn', 1], ['lyck', 0], ['op', 0], ['pluy', 1], ['men', 0], ['staat', 1]]
------------problem: Gryptmen tzwaerd byder snee tquetst den dwaas int gevecht
gryptmen tzwaerd byder snee tquetst den dwaas int gevecht
[['grypt', 1], ['men', 0], ['tz', 1], ['waerd', 0], ['by', 1], ['der', 0], ['snee', 1], ['tquetst', 1], ['den', 0], ['dwaas', 1], ['int', 0], ['ge', 0], ['vecht', 1]]
maar hy quetst zyn viand diet wyselyck grypt byt hecht
[['maar', 0], ['hy', 1], ['quetst', 0], ['zyn', 1], ['viand', 0], ['diet', 1], ['wy', 0], ['se', 0], ['lyck', 0], ['grypt', 1], ['byt', 0], ['hecht', 1]]
den vroeden ist al nut den narren ist al teghen
[['den', 0], ['vroe', 1], ['den', 0], ['ist', 1], ['al', 0], ['nut', 1], ['den', 0], ['nar', 1], ['ren', 0], ['ist', 1], ['al', 0], ['te', 1], ['ghen', 0]]
ryckdom en armoe zyn van zelfs ghóed nóch bóós
[['ryck', 1], ['dom', 0], ['en', 0], ['ar', 1], ['moe', 0], ['zyn', 1], ['van', 0], ['zelfs', 1], ['gho', 0], ['́ed', 1], ['nóch', 0], ['bo', 1], ['́ós', 0]]
------------problem: Thindert al donwysen thelpt al den vroeden lóós
thindert al donwysen thelpt al den vroeden lóós
[['thin', 1], ['dert', 0], ['al', 0], ['don', 0], ['wy', 1], ['sen', 0], ['thelpt', 1], ['al', 1], ['den', 0], ['vroe', 1], ['den', 0], ['lo', 1], ['́ós', 0]]
------------problem: Zó veel is aan tghebruyck óf misbruyck gheleghen
zó veel is aan tghebruyck óf misbruyck gheleghen
[['zó', 1], ['veel', 0], ['is', 0], ['aan', 1], ['tghe', 0], ['bruyck', 1], ['óf', 0], ['mis', 0], ['bruyck', 1], ['ghe', 0], ['le', 1], ['ghen', 0]]
------------problem: By een ghants Koningrijck darmoe Achab bedroefde
by een ghants koningrijck darmoe achab bedroefde
[['by', 1], ['een', 0], ['ghants', 0], ['ko', 1], ['ning', 0], ['rijck', 0], ['dar', 1], ['moe', 1], ['a', 0], ['chab', 1], ['be', 0], ['droef', 1], ['de', 0]]
als hy door waanghebreck nabóths wijnghaard behoefde
[['als', 0], ['hy', 1], ['door', 0], ['waan', 1], ['ghe', 0], ['breck', 1], ['na', 0], ['bóths', 1], ['wijn', 0], ['g', 3], ['haard', 1], ['be', 0], ['hoef', 1], ['de', 0]]
daar teghens konste paulus arm schynende ryck zyn
[['daar', 0], ['te', 1], ['ghens', 0], ['kons', 1], ['te', 0], ['pau', 1], ['lus', 0], ['arm', 1], ['schy', 1], ['nen', 0], ['de', 0], ['ryck', 1], ['zyn', 0]]
hy is waarlyck ryck diet hem al laat ghelyck zyn
[['hy', 1], ['is', 0], ['waar', 1], ['lyck', 0], ['ryck', 1], ['diet', 1], ['hem', 0], ['al', 0], ['laat', 1], ['ghe', 0], ['lyck', 0], ['zyn', 1]]
de nódruft ghenoeghzaam voor een welvarend lyf
[['de', 0], ['nó', 1], ['druft', 0], ['ghe', 0], ['noegh', 1], ['zaam', 0], ['voor', 1], ['een', 0], ['wel', 0], ['va', 1], ['rend', 0], ['lyf', 1]]
is kóst tót voetsele ende kleed om te decken
[['is', 0], ['kóst', 0], ['tót', 0], ['voet', 1], ['se', 0], ['le', 0], ['en', 1], ['de', 0], ['kleed', 1], ['om', 1], ['te', 0], ['dec', 1], ['ken', 0]]
de kóst kóst zeer lettel daar honger kóek magh strecken
[['de', 0], ['kóst', 1], ['kóst', 0], ['zeer', 0], ['let', 1], ['tel', 1], ['daar', 0], ['hon', 1], ['ger', 0], ['ko', 0], ['́ek', 1], ['magh', 0], ['strec', 1], ['ken', 0]]
------------problem: Tkleed deckt zonder purper twarmt sonder steecksel styf
tkleed deckt zonder purper twarmt sonder steecksel styf
[['tkleed', 0], ['deckt', 1], ['zon', 1], ['der', 0], ['pur', 1], ['per', 0], ['twarmt', 1], ['son', 1], ['der', 0], ['steeck', 1], ['sel', 0], ['styf', 0]]
daar aan kleed bróód óff bórn ontbreeckt nódrufts gheryf
[['daar', 0], ['aan', 1], ['kleed', 0], ['bro', 1], ['́ód', 1], ['óff', 1], ['bo', 1], ['́rn', 0], ['ont', 0], ['breeckt', 1], ['nó', 0], ['drufts', 1], ['ghe', 0], ['ryf', 1]]
dats ghebreck heeftmens óóck om nau uyt te trecken
[['dats', 1], ['ghe', 0], ['breck', 1], ['heeft', 0], ['mens', 0], ['o', 1], ['́óck', 0], ['om', 0], ['nau', 0], ['uyt', 1], ['te', 0], ['trec', 1], ['ken', 0]]
kóst en kleed dats nódruft maer kanmens breed recken
[['kóst', 0], ['en', 0], ['kleed', 1], ['dats', 1], ['nó', 1], ['druft', 0], ['maer', 1], ['kan', 0], ['mens', 1], ['breed', 0], ['rec', 1], ['ken', 0]]
boven nódruft tót lust dats overvloeds bedryf
[['bo', 1], ['ven', 0], ['nó', 1], ['druft', 0], ['tót', 0], ['lust', 1], ['dats', 0], ['o', 1], ['ver', 0], ['vloeds', 1], ['be', 0], ['dryf', 1]]
een hoos sluytende omt been werd nódruft gheleecken
[['een', 0], ['hoos', 0], ['sluy', 1], ['ten', 0], ['de', 0], ['omt', 1], ['been', 0], ['werd', 1], ['nó', 1], ['druft', 1], ['ghe', 0], ['leec', 1], ['ken', 0]]
neemtmer af al ist klein daar moet an ghebreecken
[['neemt', 1], ['mer', 0], ['af', 1], ['al', 1], ['ist', 0], ['klein', 1], ['daar', 0], ['moet', 1], ['an', 1], ['ghe', 0], ['breec', 1], ['ken', 0]]
een wyde box hout veel al verliest zy een darm
[['een', 0], ['wy', 1], ['de', 0], ['box', 0], ['hout', 1], ['veel', 0], ['al', 1], ['ver', 0], ['liest', 1], ['zy', 1], ['een', 0], ['darm', 1]]
zulck heeft ghenoegh ia veel die zich arm waant met smert
[['zulck', 1], ['heeft', 1], ['ghe', 0], ['noegh', 1], ['ia', 0], ['veel', 4], ['die', 0], ['zich', 0], ['arm', 1], ['waant', 1], ['met', 0], ['smert', 1]]
een ander heeft lettel en is ryck in zyn hert
[['een', 0], ['an', 1], ['der', 0], ['heeft', 1], ['let', 0], ['tel', 1], ['en', 0], ['is', 0], ['ryck', 1], ['in', 0], ['zyn', 1], ['hert', 1]]
waan heerschapt de werld waan maackt ryck en arm
[['waan', 1], ['heer', 0], ['schapt', 1], ['de', 0], ['werld', 1], ['waan', 1], ['maackt', 1], ['ryck', 0], ['en', 0], ['arm', 1]]
was jóbs gróte ryckdom niet vanden heer ghekomen
[['was', 0], ['jóbs', 1], ['gró', 0], ['te', 0], ['ryck', 1], ['dom', 0], ['niet', 0], ['van', 1], ['den', 0], ['heer', 1], ['ghe', 0], ['ko', 1], ['men', 0]]
wie anders dan de heer heeft die weder ghenomen
[['wie', 0], ['an', 1], ['ders', 0], ['dan', 1], ['de', 0], ['heer', 1], ['heeft', 1], ['die', 0], ['we', 1], ['der', 0], ['ghe', 0], ['no', 1], ['men', 0]]
kómet dien bey van gód zó moetet óóck bey ghoed zyn
[['kó', 1], ['met', 0], ['dien', 0], ['bey', 1], ['van', 0], ['gód', 1], ['zó', 0], ['moe', 1], ['tet', 0], ['o', 1], ['́óck', 0], ['bey', 1], ['ghoed', 1], ['zyn', 1]]
die dit recht verstaat zal in bey ghelyck van moed zyn
[['die', 0], ['dit', 0], ['recht', 1], ['ver', 0], ['staat', 0], ['zal', 1], ['in', 0], ['bey', 1], ['ghe', 0], ['lyck', 1], ['van', 0], ['moed', 1], ['zyn', 1]]
de mensch komt in ghebreck buyten óf met zyn schuld
[['de', 0], ['mensch', 1], ['komt', 1], ['in', 0], ['ghe', 0], ['breck', 0], ['buy', 1], ['ten', 0], ['óf', 1], ['met', 0], ['zyn', 1], ['schuld', 1]]
onschuldigh werter veel ghebreckigh gheboren
[['on', 0], ['schul', 1], ['digh', 0], ['wer', 1], ['ter', 0], ['veel', 1], ['ghe', 0], ['brec', 1], ['kigh', 0], ['ghe', 0], ['bo', 1], ['ren', 0]]
onschuldigh hebben veel hun have verloren
[['on', 0], ['schul', 1], ['digh', 0], ['heb', 1], ['ben', 0], ['veel', 0], ['hun', 1], ['ha', 1], ['ve', 0], ['ver', 0], ['lo', 1], ['ren', 0]]
wel hem die zulx ghedóóght met jóbs ló yck gheduld
[['wel', 0], ['hem', 1], ['die', 0], ['zulx', 1], ['ghe', 0], ['do', 0], ['́óght', 1], ['met', 0], ['jóbs', 1], ['ló', 0], ['yck', 1], ['ghe', 0], ['duld', 1]]
gód gheeft elck dat best is want hy met haaf vervult
[['gód', 0], ['gheeft', 1], ['elck', 1], ['dat', 0], ['best', 1], ['is', 0], ['want', 0], ['hy', 1], ['met', 0], ['haaf', 1], ['ver', 0], ['vult', 1]]
------------problem: Den weecken dien tghebreck tót wanhoop zou bekoren
den weecken dien tghebreck tót wanhoop zou bekoren
[['den', 0], ['weec', 1], ['ken', 0], ['dien', 1], ['tghe', 0], ['breck', 1], ['tót', 0], ['wan', 1], ['hoop', 0], ['zou', 1], ['be', 0], ['ko', 1], ['ren', 0]]
en maackt arm den stouten die na lust zou sporen
[['en', 0], ['maackt', 1], ['arm', 1], ['den', 0], ['stou', 1], ['ten', 0], ['die', 1], ['na', 0], ['lust', 1], ['zou', 0], ['spo', 1], ['ren', 0]]
en zyn gód verachten als kemel hóóch ghebult
[['en', 0], ['zyn', 0], ['gód', 1], ['ve', 0], ['rach', 1], ['ten', 0], ['als', 0], ['ke', 0], ['mel', 1], ['ho', 0], ['́óch', 1], ['ghe', 0], ['bult', 1]]
zó wel als de ryckdom komt armoe van góde
[['zó', 0], ['wel', 1], ['als', 0], ['de', 0], ['ryck', 1], ['dom', 0], ['komt', 1], ['ar', 1], ['moe', 1], ['van', 0], ['gó', 1], ['de', 0]]
die zend dat hy voorziet elck te zyn van nóde
[['die', 0], ['zend', 1], ['dat', 0], ['hy', 0], ['voor', 1], ['ziet', 0], ['elck', 1], ['te', 0], ['zyn', 1], ['van', 0], ['nó', 1], ['de', 0]]
zaligh zyn die armen die hen des niet en belghen
[['za', 1], ['ligh', 0], ['zyn', 1], ['die', 1], ['ar', 1], ['men', 1], ['die', 0], ['hen', 1], ['des', 0], ['niet', 1], ['en', 0], ['bel', 1], ['ghen', 0]]
------------problem: Die tonschuldigh ghebreck van Góds hand ontfanghen
die tonschuldigh ghebreck van góds hand ontfanghen
[['die', 0], ['ton', 1], ['schul', 1], ['digh', 0], ['ghe', 0], ['breck', 1], ['van', 0], ['góds', 0], ['hand', 1], ['ont', 0], ['fan', 1], ['ghen', 0]]
en als bitter dranck met zeker verlanghen
[['en', 0], ['als', 0], ['bit', 1], ['ter', 0], ['dranck', 1], ['met', 0], ['ze', 1], ['ker', 0], ['ver', 0], ['lan', 1], ['ghen', 0]]
------------problem: Na tghemoeds ghenezing blydelyck in zwelghen
na tghemoeds ghenezing blydelyck in zwelghen
[['na', 0], ['tghe', 0], ['moeds', 1], ['ghe', 0], ['ne', 1], ['zing', 0], ['bly', 1], ['de', 0], ['lyck', 1], ['in', 0], ['zwel', 1], ['ghen', 0]]
overdaad verarmde den zoone verloren
[['o', 1], ['ver', 0], ['daad', 1], ['ve', 0], ['rarm', 1], ['de', 4], ['den', 0], ['zoo', 0], ['ne', 1], ['ver', 0], ['lo', 1], ['ren', 0]]
------------problem: Onachtsaamheyd bracht kaf onder tghoede koren
onachtsaamheyd bracht kaf onder tghoede koren
[['o', 0], ['nacht', 1], ['saam', 0], ['heyd', 1], ['bracht', 1], ['kaf', 0], ['on', 1], ['der', 0], ['tghoe', 1], ['de', 0], ['ko', 1], ['ren', 0]]
en slapen traagh sloot buyten de maaghden gheck
[['en', 0], ['sla', 1], ['pen', 0], ['tra', 0], ['agh', 0], ['sloot', 0], ['buy', 1], ['ten', 0], ['de', 0], ['maagh', 1], ['den', 0], ['gheck', 1]]
dees drie zyn meest óórzaeck van alle schuldigh ghebreck
[['dees', 0], ['drie', 1], ['zyn', 0], ['meest', 1], ['o', 0], ['́ór', 1], ['zaeck', 1], ['van', 0], ['al', 1], ['le', 0], ['schul', 1], ['digh', 0], ['ghe', 0], ['breck', 1]]
tschuldighe ghebreck vol wroeghens oneerlyck
[['tschul', 1], ['di', 0], ['ghe', 0], ['ghe', 0], ['breck', 1], ['vol', 0], ['wroe', 1], ['ghens', 0], ['o', 1], ['neer', 1], ['lyck', 0]]
komt van gód nóch van mensch maar van eyghen gheckheyd
[['komt', 1], ['van', 0], ['gód', 1], ['nóch', 1], ['van', 0], ['mensch', 1], ['maar', 0], ['van', 0], ['ey', 1], ['ghen', 0], ['gheckheyd', 1]]
die verdoet óf verzuymt dat der ouders vreckheyd
[['die', 1], ['ver', 0], ['doet', 1], ['óf', 0], ['ver', 0], ['zuymt', 0], ['dat', 1], ['der', 0], ['ou', 1], ['ders', 0], ['vreck', 0], ['heyd', 1]]
dick tzamen heeft ghespaart doort sparen vermeerlyck
[['dick', 0], ['tza', 1], ['men', 0], ['heeft', 1], ['ghe', 0], ['spaart', 1], ['doort', 0], ['spa', 1], ['ren', 0], ['ver', 0], ['meer', 1], ['lyck', 0]]
de quistghoed brast en pronckt boven zyn staat heerlyck
[['de', 0], ['quist', 1], ['ghoed', 0], ['brast', 1], ['en', 0], ['pronckt', 1], ['bo', 1], ['ven', 0], ['zyn', 1], ['staat', 0], ['heer', 1], ['lyck', 0]]
en ydelt zyn bórze door stróyende leckheyd
[['en', 0], ['y', 1], ['delt', 0], ['zyn', 0], ['bór', 1], ['ze', 0], ['door', 1], ['stro', 0], ['́y', 1], ['en', 1], ['de', 0], ['lec', 1], ['kheyd', 1]]
uyt zótte mildicheyd die haast tót ghebreck leydt
[['uyt', 1], ['zót', 0], ['te', 0], ['mil', 1], ['dic', 0], ['heyd', 1], ['die', 0], ['haast', 1], ['tót', 0], ['ghe', 0], ['breck', 1], ['leydt', 1]]
en maackt den ghever een arm bidder deerlyck
[['en', 0], ['maackt', 1], ['den', 0], ['ghe', 0], ['ver', 0], ['een', 0], ['arm', 1], ['bid', 1], ['der', 0], ['deer', 1], ['lyck', 0]]
------------problem: Die tghoed óóck verwaarlóóst en onachtzaam verzuymt
die tghoed óóck verwaarlóóst en onachtzaam verzuymt
[['die', 0], ['tghoed', 1], ['o', 0], ['́óck', 1], ['ver', 0], ['waar', 1], ['lo', 1], ['́óst', 1], ['en', 0], ['onacht', 1], ['zaam', 0], ['ver', 0], ['zuymt', 1]]
smaackt benaude kommer na een weeldighe ruymt
[['smaackt', 1], ['be', 0], ['nau', 1], ['de', 0], ['kom', 1], ['mer', 0], ['na', 0], ['een', 0], ['weel', 1], ['di', 0], ['ghe', 0], ['ruymt', 1]]
niet zonder verachting en smartelyck wroeghen
[['niet', 0], ['zon', 1], ['der', 0], ['ve', 0], ['rach', 1], ['ting', 0], ['en', 0], ['smar', 1], ['te', 0], ['lyck', 0], ['wroe', 1], ['ghen', 0]]
------------problem: Maar die darbeyd vreest den traghen slaap bemint
maar die darbeyd vreest den traghen slaap bemint
[['maar', 0], ['die', 0], ['dar', 1], ['beyd', 0], ['vreest', 1], ['den', 0], ['tra', 1], ['ghen', 0], ['slaap', 1], ['be', 0], ['mint', 1]]
------------problem: En van thoopken af teert werd arm eer hyt verzint
en van thoopken af teert werd arm eer hyt verzint
[['en', 0], ['van', 0], ['thoop', 1], ['ken', 0], ['af', 0], ['teert', 1], ['werd', 0], ['arm', 1], ['eer', 0], ['hyt', 1], ['ver', 0], ['zint', 1]]
------------problem: Twerd kleyn daarmen afneemt zonder by te voeghen
twerd kleyn daarmen afneemt zonder by te voeghen
[['twerd', 1], ['kleyn', 0], ['daar', 1], ['men', 0], ['af', 1], ['neemt', 1], ['zon', 1], ['der', 0], ['by', 1], ['te', 0], ['voe', 1], ['ghen', 0]]
------------problem: Donschamel bedelaar gheen aalmoes en betaamt
donschamel bedelaar gheen aalmoes en betaamt
[['don', 0], ['scha', 1], ['mel', 0], ['be', 1], ['de', 0], ['laar', 1], ['gheen', 0], ['aal', 1], ['moes', 0], ['en', 0], ['be', 0], ['taamt', 1]]
zoeckt na eerlyck gebreck die houdt in eeren de schaamt
[['zoeckt', 1], ['na', 0], ['eer', 1], ['lyck', 0], ['ge', 0], ['breck', 1], ['die', 0], ['houdt', 1], ['in', 0], ['ee', 1], ['ren', 0], ['de', 0], ['schaamt', 1]]
------------problem: Want donschamele werdt van deersuchtighe ghevoet
want donschamele werdt van deersuchtighe ghevoet
[['want', 1], ['don', 0], ['scha', 1], ['me', 1], ['le', 0], ['werdt', 1], ['van', 0], ['deer', 0], ['such', 1], ['ti', 0], ['ghe', 0], ['ghe', 0], ['voet', 1]]
als de schamel verderft door zyn schandvluchtigh gemoet
[['als', 1], ['de', 0], ['scha', 1], ['mel', 0], ['ver', 0], ['derft', 1], ['door', 0], ['zyn', 1], ['schandvluch', 0], ['tigh', 1], ['ge', 0], ['moet', 1]]
------------problem: TGhemeenste ghebreck byden ghemeenen armen
tghemeenste ghebreck byden ghemeenen armen
[['tghe', 0], ['meens', 1], ['te', 0], ['ghe', 0], ['breck', 1], ['by', 1], ['den', 0], ['ghe', 0], ['mee', 1], ['nen', 0], ['ar', 1], ['men', 0]]
is luyheyd vet ghevoedt door svolx mild ontfarmen
[['is', 1], ['luy', 0], ['heyd', 1], ['vet', 0], ['ghe', 0], ['voedt', 1], ['door', 0], ['svolx', 1], ['mild', 0], ['ont', 0], ['far', 1], ['men', 0]]
de traghe is onschamel óf gróóthertigh int quaad
[['de', 0], ['tra', 1], ['ghe', 0], ['is', 1], ['on', 0], ['scha', 1], ['mel', 0], ['óf', 0], ['gro', 1], ['́ó', 1], ['ther', 1], ['tigh', 1], ['int', 0], ['quaad', 1]]
------------problem: Donschamele is ghierigh óf een lecker vraat
donschamele is ghierigh óf een lecker vraat
[['don', 0], ['scha', 1], ['me', 1], ['le', 0], ['is', 0], ['ghie', 1], ['righ', 0], ['óf', 1], ['een', 0], ['lec', 1], ['ker', 0], ['vraat', 1]]
en veracht verachting vlied arbeyd zoeckt ghemack
[['en', 0], ['ve', 0], ['racht', 1], ['ve', 0], ['rach', 1], ['ting', 0], ['vlied', 0], ['ar', 1], ['beyd', 0], ['zoeckt', 1], ['ghe', 0], ['mack', 1]]
ende volght stadelyck den rycken troggelzack
[['en', 1], ['de', 0], ['volght', 0], ['sta', 1], ['de', 0], ['lyck', 0], ['den', 0], ['ryc', 1], ['ken', 0], ['trog', 1], ['gel', 0], ['zack', 1]]
die hem zoude hazaard zeecker magh gheneren
[['die', 0], ['hem', 0], ['zou', 1], ['de', 0], ['ha', 1], ['zaard', 0], ['zeec', 1], ['ker', 0], ['magh', 1], ['ghe', 0], ['ne', 1], ['ren', 0]]
want men gheeft hem veel meer dan hy magh verteeren
[['want', 1], ['men', 0], ['gheeft', 1], ['hem', 1], ['veel', 1], ['meer', 4], ['dan', 0], ['hy', 0], ['magh', 1], ['ver', 0], ['tee', 1], ['ren', 0]]
ende dat byzonder inden dieren tyden
[['en', 1], ['de', 0], ['dat', 0], ['by', 0], ['zon', 1], ['der', 0], ['in', 1], ['den', 0], ['die', 1], ['ren', 0], ['ty', 1], ['den', 0]]
als elck mildelyck deylt om góds straf te myden
[['als', 0], ['elck', 1], ['mil', 1], ['de', 0], ['lyck', 0], ['deylt', 1], ['om', 0], ['góds', 0], ['straf', 1], ['te', 0], ['my', 1], ['den', 0]]
want dan een stuck dróógh bróóds dat zy meest verkópen
[['want', 0], ['dan', 1], ['een', 0], ['stuck', 1], ['dro', 1], ['́ógh', 0], ['bro', 1], ['́óds', 0], ['dat', 1], ['zy', 0], ['meest', 1], ['ver', 0], ['kó', 1], ['pen', 0]]
meer gheldt dan vier stucken in ghoey tyd kan belópen
[['meer', 1], ['gheldt', 0], ['dan', 0], ['vier', 1], ['stuc', 1], ['ken', 0], ['in', 0], ['ghoey', 0], ['tyd', 1], ['kan', 0], ['be', 0], ['ló', 1], ['pen', 0]]
zó valt de ghemeen scha des bedelaars meeste baat
[['zó', 0], ['valt', 1], ['de', 0], ['ghe', 0], ['meen', 1], ['scha', 0], ['des', 0], ['be', 1], ['de', 0], ['laars', 0], ['mees', 1], ['te', 0], ['baat', 1]]
------------problem: Zó komt tgheld int strick daart langzaam uyt ghaat
zó komt tgheld int strick daart langzaam uyt ghaat
[['zó', 1], ['komt', 0], ['tgheld', 1], ['int', 0], ['strick', 1], ['daart', 0], ['lang', 1], ['zaam', 0], ['uyt', 1], ['ghaat', 0]]
zy kryghen veel meer bróóds dan zy moghen eten
[['zy', 0], ['kry', 1], ['ghen', 0], ['veel', 0], ['meer', 1], ['bro', 1], ['́óds', 0], ['dan', 1], ['zy', 0], ['mo', 1], ['ghen', 0], ['e', 1], ['ten', 0]]
en haar vruchtbaarste kleed is ghelapt en versleten
[['en', 0], ['haar', 0], ['vrucht', 1], ['baars', 1], ['te', 0], ['kleed', 1], ['is', 0], ['ghe', 0], ['lapt', 1], ['en', 0], ['ver', 0], ['sle', 1], ['ten', 0]]
dus werdt dick by dees bedelaars gheltghierigh
[['dus', 1], ['werdt', 0], ['dick', 0], ['by', 0], ['dees', 1], ['be', 1], ['de', 0], ['laars', 0], ['gheltghie', 1], ['righ', 0]]
------------problem: Tklein bedel penninxken van daelmoesen vierigh
tklein bedel penninxken van daelmoesen vierigh
[['tklein', 0], ['be', 0], ['del', 0], ['pen', 1], ['ninx', 1], ['ken', 0], ['van', 0], ['dael', 0], ['moe', 1], ['sen', 0], ['vie', 1], ['righ', 0]]
tót zeer gróóte schatten en ridderlycke sommen
[['tót', 0], ['zeer', 1], ['gro', 0], ['́ó', 1], ['te', 0], ['schat', 1], ['ten', 0], ['en', 0], ['rid', 1], ['der', 0], ['lyc', 1], ['ke', 0], ['som', 1], ['men', 1]]
want toe zonder affdoen tót gróticheyd moet komen
[['want', 0], ['toe', 0], ['zon', 1], ['der', 0], ['aff', 0], ['doen', 1], ['tót', 0], ['gró', 1], ['ti', 0], ['cheyd', 1], ['moet', 0], ['ko', 1], ['men', 0]]
óch óf de overheyd zó wacker hier op paste
[['óch', 0], ['óf', 1], ['de', 0], ['o', 1], ['ver', 0], ['heyd', 1], ['zó', 0], ['wac', 1], ['ker', 0], ['hier', 1], ['op', 0], ['pas', 1], ['te', 0]]
------------problem: Datmen tland van dees last door lastigh werck ontlaste
datmen tland van dees last door lastigh werck ontlaste
[['dat', 1], ['men', 0], ['tland', 1], ['van', 0], ['dees', 0], ['last', 1], ['door', 0], ['las', 1], ['tigh', 0], ['werck', 1], ['ont', 0], ['las', 1], ['te', 0]]
die eens schaamt en eer ter kercken heeft ghebracht
[['die', 1], ['eens', 0], ['schaamt', 1], ['en', 0], ['eer', 1], ['ter', 0], ['kerc', 1], ['ken', 0], ['heeft', 1], ['ghe', 0], ['bracht', 1]]
leeft boven zyn ghevers in luyer weelden zacht
[['leeft', 0], ['bo', 1], ['ven', 0], ['zyn', 1], ['ghe', 0], ['vers', 1], ['in', 0], ['lu', 1], ['yer', 0], ['weel', 1], ['den', 0], ['zacht', 1]]
svolx mildheyd versmetst hy auond en mórghen
[['svolx', 1], ['mild', 0], ['heyd', 1], ['vers', 0], ['metst', 1], ['hy', 0], ['auond', 1], ['en', 0], ['mór', 1], ['ghen', 0]]
en laat zórghelóós den voghelkens zórghen
[['en', 0], ['laat', 1], ['zór', 0], ['ghe', 0], ['lo', 1], ['́ós', 1], ['den', 0], ['vo', 1], ['ghel', 0], ['kens', 0], ['zór', 1], ['ghen', 0]]
------------problem: DOnschamele bidder zó ghulzigh en traghe
donschamele bidder zó ghulzigh en traghe
[['don', 0], ['scha', 1], ['me', 0], ['le', 0], ['bid', 1], ['der', 0], ['zó', 1], ['ghul', 0], ['zigh', 1], ['en', 0], ['tra', 1], ['ghe', 0]]
ziende des bedels vrucht van daghe tót daghe
[['zien', 1], ['de', 0], ['des', 0], ['be', 1], ['dels', 0], ['vrucht', 1], ['van', 0], ['da', 1], ['ghe', 0], ['tót', 0], ['da', 1], ['ghe', 0]]
schadelóós en zeker óóck boven behoefte
[['scha', 1], ['de', 0], ['lo', 1], ['́ós', 0], ['en', 0], ['ze', 1], ['ker', 0], ['o', 1], ['́óck', 0], ['bo', 1], ['ven', 0], ['be', 0], ['hoef', 1], ['te', 0]]
verlaat zich daerop zó dat dit gheboeffte
[['ver', 0], ['laat', 1], ['zich', 0], ['dae', 1], ['rop', 0], ['zó', 1], ['dat', 0], ['dit', 1], ['ghe', 0], ['boeff', 1], ['te', 0]]
vaster betrouwen heeft op svolx mildigheyd zót
[['vas', 1], ['ter', 0], ['be', 0], ['trou', 1], ['wen', 0], ['heeft', 1], ['op', 0], ['svolx', 0], ['mil', 1], ['dig', 0], ['heyd', 1], ['zót', 0]]
dan de naamchristenen op den ghaafrycken gód
[['dan', 1], ['de', 0], ['naamchris', 1], ['te', 4], ['nen', 0], ['op', 1], ['den', 0], ['ghaaf', 1], ['ryc', 1], ['ken', 0], ['gód', 1]]
dit zyn sacrilegers die smetsen en stelen
[['dit', 0], ['zyn', 1], ['sac', 1], ['ri', 0], ['le', 1], ['gers', 0], ['die', 0], ['smet', 1], ['sen', 0], ['en', 0], ['ste', 1], ['len', 0]]
------------problem: Daalmoessen die elck meynt Christo in darmen te delen
daalmoessen die elck meynt christo in darmen te delen
[['daal', 0], ['moes', 1], ['sen', 0], ['die', 1], ['elck', 1], ['meynt', 0], ['chris', 0], ['to', 1], ['in', 0], ['dar', 1], ['men', 1], ['te', 0], ['de', 1], ['len', 0]]
dit zyn wespen onnut die overdadelyck
[['dit', 0], ['zyn', 1], ['wes', 1], ['pen', 0], ['on', 4], ['nut', 1], ['die', 0], ['o', 1], ['ver', 0], ['da', 1], ['de', 0], ['lyck', 0]]
ghoede arbeyds winst verdoen met arbeyd schadelyck
[['ghoe', 1], ['de', 0], ['ar', 1], ['beyds', 0], ['winst', 1], ['ver', 0], ['doen', 1], ['met', 0], ['ar', 1], ['beyd', 0], ['scha', 1], ['de', 0], ['lyck', 1]]
en dit zyn dieven bouen al bast waardigh
[['en', 0], ['dit', 1], ['zyn', 0], ['die', 1], ['ven', 0], ['bo', 1], ['uen', 0], ['al', 1], ['bast', 0], ['waar', 1], ['digh', 0]]
------------problem: Vertraghende daalmis die voormaals was vaardigh
vertraghende daalmis die voormaals was vaardigh
[['ver', 0], ['tra', 1], ['ghen', 0], ['de', 0], ['daal', 1], ['mis', 0], ['die', 1], ['voor', 0], ['maals', 1], ['was', 0], ['vaar', 1], ['digh', 0]]
want als de ghevers zien dat veel traaghlyck verzuymen
[['want', 0], ['als', 1], ['de', 0], ['ghe', 0], ['vers', 0], ['zien', 1], ['dat', 0], ['veel', 1], ['traagh', 1], ['lyck', 0], ['ver', 0], ['zuy', 1], ['men', 0]]
hun zelfs eelick ghewin ende eens anders versluymen
[['hun', 0], ['zelfs', 1], ['ee', 0], ['lick', 0], ['ghe', 0], ['win', 1], ['en', 0], ['de', 1], ['eens', 0], ['an', 1], ['ders', 0], ['ver', 0], ['sluy', 1], ['men', 0]]
verbrassen versmetsen avondt en mórghen
[['ver', 0], ['bras', 1], ['sen', 0], ['vers', 1], ['met', 1], ['sen', 0], ['a', 0], ['vondt', 1], ['en', 0], ['mór', 1], ['ghen', 0]]
beghinnen zy te recht twyfelyck te zórghen
[['be', 0], ['ghin', 1], ['nen', 0], ['zy', 1], ['te', 0], ['recht', 1], ['twy', 1], ['fe', 0], ['lyck', 0], ['te', 0], ['zór', 1], ['ghen', 0]]
dat hun ghifte mocht vallen in die lóóze vuycken
[['dat', 0], ['hun', 1], ['ghif', 1], ['te', 0], ['mocht', 1], ['val', 1], ['len', 0], ['in', 0], ['die', 0], ['lo', 1], ['́ó', 1], ['ze', 0], ['vuyc', 1], ['ken', 0]]
dan gheeftmen traaghlycker des veel ydel buycken
[['dan', 0], ['gheeft', 1], ['men', 0], ['traagh', 0], ['lyc', 1], ['ker', 0], ['des', 1], ['veel', 0], ['y', 1], ['del', 0], ['buyc', 1], ['ken', 0]]
den waardighen aalmis dief ick werdt ghestolen
[['den', 0], ['waar', 1], ['di', 0], ['ghen', 0], ['aal', 1], ['mis', 0], ['dief', 1], ['ick', 0], ['werdt', 1], ['ghe', 0], ['sto', 1], ['len', 0]]
van dees traghe wespen vindtmen dan gheen molen
[['van', 1], ['dees', 0], ['tra', 1], ['ghe', 0], ['wes', 1], ['pen', 0], ['vindt', 1], ['men', 0], ['dan', 1], ['gheen', 1], ['mo', 1], ['len', 0]]
gheen dyken gheen ghaley gheen ander nutte dinghen
[['gheen', 0], ['dy', 1], ['ken', 0], ['gheen', 1], ['gha', 0], ['ley', 1], ['gheen', 0], ['an', 1], ['der', 0], ['nut', 1], ['te', 0], ['din', 1], ['ghen', 0]]
om die stercke luyaards tót arbeyd te bedwinghen
[['om', 0], ['die', 0], ['sterc', 1], ['ke', 0], ['luy', 1], ['aards', 0], ['tót', 0], ['ar', 1], ['beyd', 0], ['te', 0], ['bed', 0], ['win', 1], ['ghen', 0]]
mildelycker voedtmen den leedighen stercken
[['mil', 1], ['de', 0], ['lyc', 0], ['ker', 0], ['voedt', 1], ['men', 0], ['den', 0], ['lee', 1], ['di', 0], ['ghen', 0], ['sterc', 1], ['ken', 0]]
danmenze wyslick dwingt tót land nutte wercken
[['dan', 0], ['men', 1], ['ze', 0], ['wys', 1], ['lick', 0], ['dwingt', 0], ['tót', 1], ['land', 0], ['nut', 1], ['te', 0], ['werc', 1], ['ken', 0]]
zo maackt zótte mildheyd den landen vol gheboeft
[['zo', 0], ['maackt', 1], ['zót', 0], ['te', 1], ['mild', 0], ['heyd', 1], ['den', 0], ['lan', 1], ['den', 0], ['vol', 1], ['ghe', 0], ['boeft', 1]]
dat den vromen met dieft róóf en móórd bedroeft
[['dat', 0], ['den', 0], ['vro', 1], ['men', 0], ['met', 0], ['dieft', 0], ['ro', 1], ['́óf', 0], ['en', 1], ['mo', 0], ['́órd', 1], ['be', 0], ['droeft', 1]]
------------problem: DAnder traghen zyn tót bedelen te hóóghmoedigh
dander traghen zyn tót bedelen te hóóghmoedigh
[['dan', 1], ['der', 0], ['tra', 1], ['ghen', 0], ['zyn', 1], ['tót', 0], ['be', 1], ['de', 0], ['len', 1], ['te', 0], ['ho', 1], ['́ógh', 0], ['moe', 1], ['digh', 0]]
des zy tót dieft gheweld óf wanhoop komen spoedigh
[['des', 0], ['zy', 1], ['tót', 0], ['dieft', 1], ['ghe', 0], ['weld', 1], ['óf', 0], ['wan', 1], ['hoop', 0], ['ko', 1], ['men', 0], ['spoe', 1], ['digh', 0]]
------------problem: Die niet ghoeds willen doen en hen tquaad doen schamen
die niet ghoeds willen doen en hen tquaad doen schamen
[['die', 0], ['niet', 1], ['ghoeds', 0], ['wil', 1], ['len', 0], ['doen', 1], ['en', 0], ['hen', 1], ['tquaad', 0], ['doen', 0], ['scha', 1], ['men', 0]]
stelen eens anders haaf tót spys haarder lichamen
[['ste', 0], ['len', 0], ['eens', 0], ['an', 1], ['ders', 0], ['haaf', 1], ['tót', 0], ['spys', 0], ['haar', 1], ['der', 0], ['li', 1], ['cha', 1], ['men', 0]]
op hoop van bedecktheyd stil en behendelick
[['op', 0], ['hoop', 1], ['van', 0], ['be', 0], ['decktheyd', 1], ['stil', 1], ['en', 0], ['be', 0], ['hen', 1], ['de', 0], ['lick', 0]]
------------problem: Andere achten tstelen als tbedelen schendelick
andere achten tstelen als tbedelen schendelick
[['an', 1], ['de', 0], ['re', 0], ['ach', 1], ['ten', 0], ['tste', 1], ['len', 0], ['als', 0], ['tbe', 1], ['de', 0], ['len', 1], ['schen', 0], ['de', 0], ['lick', 0]]
dees róven zetten af en móórden met smerten
[['dees', 0], ['ró', 1], ['ven', 0], ['zet', 1], ['ten', 0], ['af', 1], ['en', 0], ['mo', 0], ['́ór', 1], ['den', 0], ['met', 0], ['smer', 1], ['ten', 0]]
maar die zó eerlyck zyn dat zy uyter herten
[['maar', 0], ['die', 1], ['zó', 0], ['eer', 1], ['lyck', 0], ['zyn', 1], ['dat', 1], ['zy', 0], ['uy', 1], ['ter', 0], ['her', 1], ['ten', 0]]
------------problem: Tquaad doen zó wel vrezen als den arbeyd moeyelick
tquaad doen zó wel vrezen als den arbeyd moeyelick
[['tquaad', 0], ['doen', 1], ['zó', 1], ['wel', 0], ['vre', 1], ['zen', 0], ['als', 0], ['den', 0], ['ar', 1], ['beyd', 0], ['moe', 0], ['ye', 0], ['lick', 0]]
werden dul óf eynden haar leven verfoeyelick
[['wer', 1], ['den', 0], ['dul', 1], ['óf', 0], ['eyn', 1], ['den', 0], ['haar', 1], ['le', 1], ['ven', 0], ['ver', 1], ['foe', 1], ['ye', 1], ['lick', 0]]
met zwaerd put óf strick der wanhoopen spinsele
[['met', 0], ['zwaerd', 1], ['put', 0], ['óf', 0], ['strick', 1], ['der', 0], ['wan', 0], ['hoo', 1], ['pen', 0], ['spin', 1], ['se', 1], ['le', 0]]
------------problem: Dits van deewighe dóód ttytlyck beghinsele
dits van deewighe dóód ttytlyck beghinsele
[['dits', 0], ['van', 0], ['dee', 1], ['wi', 0], ['ghe', 0], ['do', 1], ['́ód', 0], ['ttyt', 1], ['lyck', 0], ['be', 0], ['ghin', 1], ['se', 0], ['le', 0]]
waar hongher óf schande hier niet liever te wenschen
[['waar', 0], ['hon', 1], ['gher', 0], ['óf', 0], ['schan', 1], ['de', 0], ['hier', 0], ['niet', 1], ['lie', 1], ['ver', 1], ['te', 0], ['wen', 1], ['schen', 0]]
beschermt hier voor ó heer alle de traghe menschen
[['be', 0], ['schermt', 0], ['hier', 1], ['voor', 0], ['ó', 1], ['heer', 1], ['al', 0], ['le', 1], ['de', 0], ['tra', 1], ['ghe', 0], ['men', 1], ['schen', 0]]
óóck voor dieft gheweld en voor alle quaden
[['o', 0], ['́óck', 1], ['voor', 0], ['dieft', 1], ['ghe', 0], ['weld', 1], ['en', 0], ['voor', 0], ['al', 1], ['le', 0], ['qua', 1], ['den', 0]]
maar immers voor wanhoop vyand uwer ghenaden
[['maar', 0], ['i', 1], ['m', 0], ['mers', 0], ['voor', 1], ['wan', 0], ['hoop', 1], ['vy', 0], ['and', 1], ['u', 0], ['wer', 1], ['ghe', 0], ['na', 1], ['den', 0]]
------------problem: Christus bleeff inden nóód Barrabas kreegh tleven
christus bleeff inden nóód barrabas kreegh tleven
[['chris', 1], ['tus', 0], ['bleeff', 1], ['in', 0], ['den', 0], ['no', 1], ['́ód', 0], ['bar', 1], ['ra', 0], ['bas', 1], ['kreegh', 1], ['tle', 1], ['ven', 0]]
góds armen verzuymtmen den schelmen werdt ghegheven
[['góds', 0], ['ar', 1], ['men', 0], ['ver', 0], ['zuymt', 1], ['men', 0], ['den', 0], ['schel', 1], ['men', 0], ['werdt', 1], ['ghe', 0], ['ghe', 1], ['ven', 0]]
de vrome lydt hongher de traghe is zat en vet
[['de', 0], ['vro', 1], ['me', 0], ['lydt', 1], ['hon', 0], ['gher', 1], ['de', 0], ['tra', 1], ['ghe', 0], ['is', 0], ['zat', 1], ['en', 0], ['vet', 1]]
------------problem: Elck werpt zyn aalmis wech niemant op twel gheven let
elck werpt zyn aalmis wech niemant op twel gheven let
[['elck', 1], ['werpt', 0], ['zyn', 1], ['aal', 1], ['mis', 1], ['wech', 0], ['nie', 1], ['mant', 0], ['op', 1], ['twel', 1], ['ghe', 0], ['ven', 0], ['let', 1]]
behalven den luyen vindtmen nóch rechte armen
[['be', 0], ['hal', 1], ['ven', 0], ['den', 0], ['lu', 1], ['y', 0], ['en', 0], ['vindt', 1], ['men', 0], ['nóch', 0], ['rech', 1], ['te', 0], ['ar', 1], ['men', 0]]
jong oud kranck winnelóós waardigh des vólx ontfarmen
[['jong', 0], ['oud', 1], ['kranck', 0], ['win', 1], ['ne', 0], ['lo', 1], ['́ós', 0], ['waar', 1], ['digh', 0], ['des', 0], ['vólx', 1], ['ont', 0], ['far', 1], ['men', 0]]
kinderen gryzen ziecken werden hier te land ghevoed
[['kin', 1], ['de', 0], ['ren', 0], ['gry', 1], ['zen', 0], ['ziec', 1], ['ken', 0], ['wer', 1], ['den', 0], ['hier', 1], ['te', 0], ['land', 1], ['ghe', 0], ['voed', 1]]
langs straat óf in stichten vander rycken overvloed
[['langs', 0], ['straat', 1], ['óf', 1], ['in', 0], ['stich', 1], ['ten', 0], ['van', 1], ['der', 0], ['ryc', 1], ['ken', 0], ['o', 1], ['ver', 0], ['vloed', 1]]
maar de winnelóze die gheen rechte winst verzuymt
[['maar', 1], ['de', 0], ['win', 1], ['ne', 0], ['ló', 1], ['ze', 0], ['die', 1], ['gheen', 0], ['rech', 1], ['te', 0], ['winst', 1], ['ver', 0], ['zuymt', 1]]
nóch boven de nódruft niet en teert in zyn ruymt
[['nóch', 0], ['bo', 1], ['ven', 0], ['de', 0], ['nó', 1], ['druft', 0], ['niet', 1], ['en', 0], ['teert', 1], ['in', 0], ['zyn', 1], ['ruymt', 1]]
ziende zyn naasticheyd niet ghenoegh te vermoghen
[['zien', 1], ['de', 0], ['zyn', 0], ['naas', 1], ['tic', 0], ['heyd', 1], ['niet', 0], ['ghe', 0], ['noegh', 1], ['te', 0], ['ver', 0], ['mo', 1], ['ghen', 0]]
tót bróód voor wyff en kind die hongher ghedoghen
[['tót', 0], ['bro', 1], ['́ód', 1], ['voor', 0], ['wyff', 1], ['en', 0], ['kind', 1], ['die', 0], ['hon', 1], ['gher', 0], ['ghe', 0], ['do', 1], ['ghen', 0]]
en niet willende dieft óf róóf wyckt den herden nóód
[['en', 0], ['niet', 1], ['wil', 1], ['len', 0], ['de', 0], ['dieft', 1], ['óf', 0], ['ro', 1], ['́óf', 0], ['wyckt', 1], ['den', 0], ['her', 1], ['den', 0], ['no', 1], ['́ód', 0]]
verkóópt truerigh zyn schaamt om een stuxken dróógh bróód
[['ver', 0], ['ko', 1], ['́ópt', 0], ['true', 1], ['righ', 0], ['zyn', 1], ['schaamt', 0], ['om', 1], ['een', 0], ['stux', 0], ['ken', 0], ['dro', 1], ['́ógh', 0], ['bro', 0], ['́ód', 1]]
------------problem: Zó dees niet verleckert aan sbiddens luy ghemack
zó dees niet verleckert aan sbiddens luy ghemack
[['zó', 0], ['dees', 0], ['niet', 1], ['ver', 0], ['lec', 1], ['kert', 1], ['aan', 0], ['sbid', 1], ['dens', 0], ['luy', 1], ['ghe', 0], ['mack', 1]]
maar werck bekomende scheydt vanden troggelzack
[['maar', 0], ['werck', 1], ['be', 0], ['ko', 1], ['men', 0], ['de', 0], ['scheydt', 1], ['van', 1], ['den', 0], ['trog', 1], ['gel', 0], ['zack', 1]]
zyn bróód met zweet verdient na arbeyd spoort begheerlyck
[['zyn', 1], ['bro', 0], ['́ód', 1], ['met', 0], ['zweet', 1], ['ver', 0], ['dient', 1], ['na', 0], ['ar', 1], ['beyd', 0], ['spoort', 1], ['be', 0], ['gheer', 1], ['lyck', 0]]
kleyn teert en gód danckt bruyckt hy zyn armoe eerlyck
[['kleyn', 0], ['teert', 1], ['en', 0], ['gód', 1], ['danckt', 0], ['bruyckt', 1], ['hy', 0], ['zyn', 1], ['ar', 1], ['moe', 0], ['eer', 1], ['lyck', 0]]
ghave gód datmen hier met gheven wil vaardigh
[['gha', 1], ['ve', 0], ['gód', 1], ['dat', 1], ['men', 0], ['hier', 1], ['met', 0], ['ghe', 0], ['ven', 0], ['wil', 0], ['vaar', 1], ['digh', 0]]
------------problem: Voorquaam tnóótlyck bidden van zulck ontfangher waardigh
voorquaam tnóótlyck bidden van zulck ontfangher waardigh
[['voor', 0], ['qua', 1], ['am', 0], ['tno', 0], ['́ót', 1], ['lyck', 0], ['bid', 1], ['den', 0], ['van', 0], ['zulck', 1], ['ont', 0], ['fan', 1], ['gher', 0], ['waar', 1], ['digh', 0]]
waar ons mildheyd snelder dan zyn traagh begheeren
[['waar', 1], ['ons', 0], ['mild', 1], ['heyd', 1], ['snel', 1], ['der', 0], ['dan', 0], ['zyn', 1], ['tra', 0], ['agh', 1], ['be', 0], ['ghee', 1], ['ren', 0]]
zyn eerlycke schaamt bleef eerlick in eeren
[['zyn', 0], ['eer', 1], ['lyc', 0], ['ke', 0], ['schaamt', 1], ['bleef', 0], ['eer', 1], ['lick', 0], ['in', 0], ['ee', 1], ['ren', 0]]
------------problem: Dit zou by veel vromen tbedelen hinderen
dit zou by veel vromen tbedelen hinderen
[['dit', 0], ['zou', 1], ['by', 0], ['veel', 0], ['vro', 1], ['men', 0], ['tbe', 1], ['de', 0], ['len', 0], ['hin', 1], ['de', 0], ['ren', 0]]
dit zou huysghezinnen van bedelaars minderen
[['dit', 0], ['zou', 1], ['huys', 0], ['ghe', 0], ['zin', 1], ['nen', 0], ['van', 0], ['be', 1], ['de', 0], ['laars', 1], ['min', 1], ['de', 0], ['ren', 0]]
------------problem: En dit zou uytwieden tonkruyd van bedelens zaad
en dit zou uytwieden tonkruyd van bedelens zaad
[['en', 0], ['dit', 0], ['zou', 1], ['uyt', 0], ['wie', 1], ['den', 0], ['ton', 1], ['kruyd', 1], ['van', 0], ['be', 1], ['de', 0], ['lens', 0], ['zaad', 0]]
zalich is die mensch die hem op den armen verstaad
[['za', 1], ['lich', 0], ['is', 0], ['die', 0], ['mensch', 1], ['die', 0], ['hem', 1], ['op', 0], ['den', 0], ['ar', 1], ['men', 0], ['ver', 0], ['staad', 1]]
als een schoe te kleyn is óf te gróót quetst hy den voet
[['als', 1], ['een', 0], ['schoe', 1], ['te', 0], ['kleyn', 1], ['is', 0], ['óf', 1], ['te', 0], ['gro', 1], ['́ót', 1], ['quetst', 0], ['hy', 1], ['den', 0], ['voet', 1]]
door wringhen óf sloppen de maat dats te pas is ghoed
[['door', 0], ['wrin', 1], ['ghen', 0], ['óf', 1], ['slop', 1], ['pen', 1], ['de', 0], ['maat', 1], ['dats', 0], ['te', 0], ['pas', 1], ['is', 0], ['ghoed', 1]]
------------problem: Nimmermeer ghenoeght hem die na pracht zy nódruft voeght
nimmermeer ghenoeght hem die na pracht zy nódruft voeght
[['nim', 1], ['mer', 0], ['meer', 1], ['ghe', 0], ['noeght', 1], ['hem', 0], ['die', 1], ['na', 0], ['pracht', 1], ['zy', 0], ['nó', 1], ['druft', 0], ['voeght', 1]]
maar die heeft ghenoeghlyck dien slechte nódruft ghenoeght
[['maar', 1], ['die', 0], ['heeft', 1], ['ghe', 0], ['noegh', 1], ['lyck', 0], ['dien', 0], ['slech', 1], ['te', 0], ['nó', 1], ['druft', 0], ['ghe', 0], ['noeght', 1]]
wat ter nóód bederf is werdt by nódruft ghemeynt
[['wat', 1], ['ter', 0], ['no', 1], ['́ód', 0], ['be', 0], ['derf', 1], ['is', 0], ['werdt', 1], ['by', 0], ['nó', 1], ['druft', 0], ['ghe', 0], ['meynt', 1]]
------------problem: Van nódruft natuyrlyck is tenighe eynd
van nódruft natuyrlyck is tenighe eynd
[['van', 0], ['nó', 1], ['druft', 0], ['na', 0], ['tuyr', 1], ['lyck', 0], ['is', 1], ['te', 0], ['ni', 0], ['ghe', 0], ['eynd', 1]]
honghers dorsts en koudheyds verjaghing ghereed
[['hon', 1], ['ghers', 0], ['dorsts', 1], ['en', 0], ['koud', 1], ['heyds', 0], ['ver', 1], ['ja', 0], ['ghing', 1], ['ghe', 0], ['reed', 1]]
dit doet by ghezonden bróód water en kleed
[['dit', 0], ['doet', 1], ['by', 0], ['ghe', 0], ['zon', 1], ['den', 0], ['bro', 1], ['́ód', 0], ['wa', 1], ['ter', 0], ['en', 0], ['kleed', 1]]
watmen meer neemt is ter nódruft niet beradelick
[['wat', 1], ['men', 0], ['meer', 1], ['neemt', 1], ['is', 1], ['ter', 0], ['nó', 1], ['druft', 0], ['niet', 0], ['be', 0], ['ra', 1], ['de', 0], ['lick', 0]]
------------problem: Maar tdient tót wellust en waan onverzadelick
maar tdient tót wellust en waan onverzadelick
[['maar', 0], ['tdient', 0], ['tót', 1], ['wel', 0], ['lust', 1], ['en', 0], ['waan', 1], ['on', 0], ['ver', 0], ['za', 1], ['de', 0], ['lick', 1]]
dit leeren óóck heydens uyt de wet der naturen
[['dit', 0], ['lee', 1], ['ren', 0], ['o', 1], ['́óck', 0], ['hey', 1], ['dens', 0], ['uyt', 1], ['de', 0], ['wet', 1], ['der', 0], ['na', 0], ['tu', 1], ['ren', 0]]
die wy christenen gód wouts al ter hellen sturen
[['die', 1], ['wy', 0], ['chris', 0], ['te', 1], ['nen', 0], ['gód', 1], ['wouts', 0], ['al', 1], ['ter', 0], ['hel', 1], ['len', 0], ['stu', 1], ['ren', 0]]
maar christ wiens arme hóófd niet hadde op te rusten
[['maar', 0], ['christ', 1], ['wiens', 0], ['ar', 1], ['me', 0], ['ho', 0], ['́ófd', 1], ['niet', 0], ['had', 1], ['de', 0], ['op', 1], ['te', 0], ['rus', 1], ['ten', 0]]
vólghen wy weeldigh na in bróóddroncken lusten
[['vól', 1], ['ghen', 0], ['wy', 0], ['weel', 1], ['digh', 0], ['na', 1], ['in', 0], ['bro', 1], ['́ód', 0], ['dronc', 1], ['ken', 0], ['lus', 1], ['ten', 0]]
treedt dan ons heer door dóórn met ons kruys beladen
[['treedt', 1], ['dan', 0], ['ons', 1], ['heer', 0], ['door', 1], ['do', 0], ['́o', 0], ['́rn', 1], ['met', 0], ['ons', 0], ['kruys', 1], ['be', 0], ['la', 1], ['den', 0]]
en zullen wy knechten inden róóskens baden
[['en', 0], ['zul', 1], ['len', 0], ['wy', 0], ['knech', 1], ['ten', 0], ['in', 1], ['den', 0], ['ro', 1], ['́ós', 0], ['kens', 0], ['ba', 1], ['den', 0]]
ick acht dat de heydens by ons veracht in dezen
[['ick', 0], ['acht', 1], ['dat', 0], ['de', 0], ['hey', 1], ['dens', 0], ['by', 1], ['ons', 0], ['ve', 0], ['racht', 1], ['in', 0], ['de', 1], ['zen', 0]]
inden dagh des óórdeels ons rechters zullen wezen
[['in', 1], ['den', 0], ['dagh', 1], ['des', 0], ['o', 1], ['́ór', 0], ['deels', 1], ['ons', 0], ['rech', 1], ['ters', 0], ['zul', 1], ['len', 0], ['we', 1], ['zen', 0]]
de waan nódruft kóst veel de natuyrlycke weinigh
[['de', 0], ['waan', 1], ['nó', 0], ['druft', 0], ['kóst', 0], ['veel', 1], ['de', 0], ['na', 0], ['tuyr', 1], ['lyc', 0], ['ke', 0], ['wei', 1], ['nigh', 0]]
ist niet een snóód mensche traagh ghulzigh en vyleinigh
[['ist', 0], ['niet', 1], ['een', 0], ['sno', 1], ['́ód', 0], ['men', 1], ['sche', 0], ['tra', 1], ['agh', 0], ['ghul', 1], ['zigh', 1], ['en', 0], ['vy', 0], ['lei', 1], ['nigh', 0]]
------------problem: Die zyn bróód niet waard is heeftmen twater niet om niet
die zyn bróód niet waard is heeftmen twater niet om niet
[['die', 0], ['zyn', 1], ['bro', 0], ['́ód', 1], ['niet', 0], ['waard', 1], ['is', 0], ['heeft', 1], ['men', 0], ['twa', 1], ['ter', 0], ['niet', 1], ['om', 0], ['niet', 1]]
duyrt óóck en kleed niet lang alsment raadlyck verziet
[['duyrt', 0], ['o', 1], ['́óck', 1], ['en', 0], ['kleed', 1], ['niet', 0], ['lang', 1], ['als', 0], ['ment', 1], ['raad', 0], ['lyck', 1], ['ver', 0], ['ziet', 1]]
zy hebben al nódruft die in ambacht óf nering
[['zy', 0], ['heb', 1], ['ben', 0], ['al', 1], ['nó', 1], ['druft', 1], ['die', 0], ['in', 0], ['am', 1], ['bacht', 0], ['óf', 1], ['ne', 0], ['ring', 0]]
ghenoegh dóch magherlyck ghenieten haar tering
[['ghe', 0], ['noegh', 1], ['dóch', 0], ['ma', 1], ['gher', 0], ['lyck', 1], ['ghe', 0], ['nie', 1], ['ten', 0], ['haar', 1], ['te', 0], ['ring', 0]]
óóck niet zonder arbeyd maar zonder zórghlycke moeyt
[['o', 1], ['́óck', 0], ['niet', 1], ['zon', 1], ['der', 0], ['ar', 1], ['beyd', 0], ['maar', 0], ['zon', 1], ['der', 0], ['zórgh', 1], ['lyc', 0], ['ke', 0], ['moeyt', 1]]
------------problem: Als die vayligh byt land onder tklein zeylken roeyt
als die vayligh byt land onder tklein zeylken roeyt
[['als', 0], ['die', 0], ['vay', 1], ['ligh', 0], ['byt', 1], ['land', 0], ['on', 1], ['der', 0], ['tklein', 0], ['zeyl', 1], ['ken', 0], ['roeyt', 1]]
die nódruft heeft en daar boven óf onder teert
[['die', 0], ['nó', 1], ['druft', 0], ['heeft', 1], ['en', 0], ['daar', 1], ['bo', 1], ['ven', 0], ['óf', 0], ['on', 1], ['der', 0], ['teert', 1]]
óf die zyn nódruft waaght werdt recht in ghebreck verneert
[['óf', 1], ['die', 0], ['zyn', 1], ['nó', 4], ['druft', 0], ['waaght', 1], ['werdt', 1], ['recht', 0], ['in', 1], ['ghe', 0], ['breck', 1], ['ver', 0], ['neert', 1]]
------------problem: Want braszaart en hazaart maken tklein ghoedken haast quyt
want braszaart en hazaart maken tklein ghoedken haast quyt
[['want', 1], ['bras', 0], ['zaart', 1], ['en', 0], ['ha', 1], ['zaart', 0], ['ma', 1], ['ken', 0], ['tklein', 1], ['ghoed', 1], ['ken', 0], ['haast', 1], ['quyt', 0]]
en gheldzucht int hebben vrywilligh kommerlydt
[['en', 0], ['gheld', 0], ['zucht', 1], ['int', 0], ['heb', 1], ['ben', 0], ['vry', 0], ['wil', 1], ['ligh', 0], ['kom', 1], ['mer', 0], ['lydt', 1]]
de nódruft werdt misbruyckt doort teren onwyselyck
[['de', 0], ['nó', 1], ['druft', 0], ['werdt', 0], ['mis', 0], ['bruyckt', 1], ['doort', 0], ['te', 1], ['ren', 0], ['on', 1], ['wy', 0], ['se', 1], ['lyck', 0]]
boven óf beneden nódrufts mate pryselyck
[['bo', 1], ['ven', 0], ['óf', 1], ['be', 0], ['ne', 1], ['den', 0], ['nó', 1], ['drufts', 0], ['ma', 1], ['te', 0], ['pry', 1], ['se', 0], ['lyck', 0]]
óf duert stoute waaghen van des nódrufts behoeft
[['óf', 1], ['duert', 0], ['stou', 1], ['te', 0], ['waa', 1], ['ghen', 0], ['van', 0], ['des', 0], ['nó', 1], ['drufts', 1], ['be', 0], ['hoeft', 1]]
------------problem: Teerst doet den doorbrengher die hem zelfs haast bedroeft
teerst doet den doorbrengher die hem zelfs haast bedroeft
[['teerst', 0], ['doet', 1], ['den', 0], ['door', 1], ['bren', 1], ['gher', 0], ['die', 1], ['hem', 0], ['zelfs', 1], ['haast', 0], ['be', 0], ['droeft', 1]]
als hy nódruft eerlyck door smets oneerlyck uytjaaght
[['als', 0], ['hy', 0], ['nó', 1], ['druft', 0], ['eer', 1], ['lyck', 0], ['door', 1], ['smets', 1], ['o', 0], ['neer', 1], ['lyck', 0], ['uy', 1], ['tjaaght', 0]]
------------problem: Des hem tschandlyck ghebreck in zynen huyze plaaght
des hem tschandlyck ghebreck in zynen huyze plaaght
[['des', 0], ['hem', 1], ['tschand', 0], ['lyck', 1], ['ghe', 0], ['breck', 1], ['in', 0], ['zy', 1], ['nen', 0], ['huy', 1], ['ze', 0], ['plaaght', 1]]
het tweede wert ghedaan by den ghieryghen zót
[['het', 0], ['twee', 1], ['de', 0], ['wert', 1], ['ghe', 0], ['daan', 1], ['by', 0], ['den', 0], ['ghie', 1], ['ry', 1], ['ghen', 0], ['zót', 1]]
------------problem: Die tontrou gheld betrout boven den trouwen Gód
die tontrou gheld betrout boven den trouwen gód
[['die', 0], ['ton', 0], ['trou', 1], ['gheld', 1], ['be', 0], ['trout', 1], ['bo', 1], ['ven', 0], ['den', 0], ['trou', 1], ['wen', 0], ['gód', 1]]
dees vast zijn gheldgód onghenoeght is zyn quellen
[['dees', 0], ['vast', 1], ['zijn', 0], ['gheld', 1], ['gód', 0], ['on', 1], ['ghe', 0], ['noeght', 1], ['is', 0], ['zyn', 1], ['quel', 1], ['len', 0]]
en maghert zyn lichaam om den buers te doen zwellen
[['en', 0], ['ma', 1], ['ghert', 0], ['zyn', 1], ['li', 1], ['chaam', 0], ['om', 1], ['den', 0], ['buers', 1], ['te', 0], ['doen', 0], ['zwel', 1], ['len', 0]]
------------problem: Zó veel tdoorbrenghen zondight boven de maat
zó veel tdoorbrenghen zondight boven de maat
[['zó', 1], ['veel', 0], ['tdoor', 1], ['bren', 1], ['ghen', 0], ['zon', 1], ['dight', 0], ['bo', 1], ['ven', 0], ['de', 0], ['maat', 1]]
zó veel daalt de gheldzucht onder den koninglycken staat
[['zó', 1], ['veel', 0], ['daalt', 1], ['de', 0], ['gheld', 0], ['zucht', 1], ['on', 1], ['der', 1], ['den', 0], ['ko', 1], ['ninglyc', 0], ['ken', 0], ['staat', 1]]
deen komt uyt ghenoegheyd in waarachtigh ghebreck
[['deen', 1], ['komt', 0], ['uyt', 1], ['ghe', 0], ['noe', 1], ['gheyd', 0], ['in', 0], ['waa', 0], ['rach', 1], ['tigh', 0], ['ghe', 0], ['breck', 1]]
------------problem: Dander heeft ghenoegh is arm uyt waan bey zynze gheck
dander heeft ghenoegh is arm uyt waan bey zynze gheck
[['dan', 1], ['der', 0], ['heeft', 1], ['ghe', 0], ['noegh', 1], ['is', 0], ['arm', 1], ['uyt', 0], ['waan', 1], ['bey', 0], ['zyn', 1], ['ze', 0], ['gheck', 1]]
------------problem: Tderde doen dwazen die met Esopus hond
tderde doen dwazen die met esopus hond
[['tder', 1], ['de', 0], ['doen', 1], ['dwa', 1], ['zen', 0], ['die', 1], ['met', 0], ['e', 1], ['so', 0], ['pus', 1], ['hond', 1]]
dwaaselyck hazardeeren den nódruft uyt hun mond
[['dwaa', 1], ['se', 0], ['lyck', 0], ['ha', 1], ['zar', 0], ['dee', 1], ['ren', 0], ['den', 0], ['nó', 1], ['druft', 0], ['uyt', 1], ['hun', 0], ['mond', 1]]
------------problem: Tzeecker dat ghenoegh is komt in anxt van bederven
tzeecker dat ghenoegh is komt in anxt van bederven
[['tzeec', 1], ['ker', 0], ['dat', 0], ['ghe', 0], ['noegh', 1], ['is', 0], ['komt', 1], ['in', 0], ['anxt', 1], ['van', 1], ['be', 0], ['der', 1], ['ven', 0]]
------------problem: Om donzeekere ryckdom zórghlyck te verwerven
om donzeekere ryckdom zórghlyck te verwerven
[['om', 0], ['don', 0], ['zee', 1], ['ke', 0], ['re', 0], ['ryck', 1], ['dom', 0], ['zórgh', 1], ['lyck', 0], ['te', 1], ['ver', 0], ['wer', 1], ['ven', 0]]
zó doet des overvloeds hazar dues verkiezen
[['zó', 0], ['doet', 1], ['des', 0], ['o', 1], ['ver', 0], ['vloeds', 0], ['ha', 1], ['zar', 0], ['dues', 1], ['ver', 0], ['kie', 1], ['zen', 0]]
dick den rechten nódruft truerighlyck verliezen
[['dick', 1], ['den', 0], ['rech', 1], ['ten', 0], ['nó', 1], ['druft', 0], ['true', 1], ['righ', 0], ['lyck', 1], ['ver', 0], ['lie', 1], ['zen', 0]]
------------problem: Zó komt veel tyds tghebreck dezen zótten verasschen
zó komt veel tyds tghebreck dezen zótten verasschen
[['zó', 0], ['komt', 1], ['veel', 0], ['tyds', 1], ['tghe', 0], ['breck', 1], ['de', 1], ['zen', 0], ['zót', 1], ['ten', 0], ['ve', 0], ['ras', 1], ['schen', 0]]
en zó zitmen tuschen twee stoelen inder asschen
[['en', 0], ['zó', 1], ['zit', 0], ['men', 0], ['tu', 1], ['schen', 0], ['twee', 0], ['stoe', 1], ['len', 0], ['in', 1], ['der', 0], ['as', 1], ['schen', 0]]
maar die zyn nódruft heeft na den eysch van nódruft leeft
[['maar', 1], ['die', 0], ['zyn', 1], ['nó', 0], ['druft', 1], ['heeft', 0], ['na', 1], ['den', 0], ['eysch', 1], ['van', 0], ['nó', 1], ['druft', 0], ['leeft', 1]]
------------problem: Eerlyck windt Gódlick spaart tghespaarde den armen gheeft
eerlyck windt gódlick spaart tghespaarde den armen gheeft
[['eer', 1], ['lyck', 0], ['windt', 1], ['gód', 0], ['lick', 0], ['spaart', 1], ['tghes', 0], ['paar', 1], ['de', 0], ['den', 0], ['ar', 1], ['men', 0], ['gheeft', 1]]
gód betrout meer na duechd dan na gheld is begheerlick
[['gód', 1], ['be', 0], ['trout', 1], ['meer', 1], ['na', 1], ['duechd', 0], ['dan', 0], ['na', 1], ['gheld', 0], ['is', 1], ['be', 0], ['gheer', 1], ['lick', 0]]
des leeft hy gódlick ghezond natuyrlick en eerlick
[['des', 0], ['leeft', 1], ['hy', 0], ['gód', 1], ['lick', 0], ['ghe', 0], ['zond', 1], ['na', 0], ['tuyr', 1], ['lick', 0], ['en', 0], ['eer', 1], ['lick', 0]]
------------problem: MAar de vroede treft hier tmiddel lichtelick
maar de vroede treft hier tmiddel lichtelick
[['maar', 1], ['de', 0], ['vroe', 0], ['de', 0], ['treft', 1], ['hier', 1], ['tmid', 1], ['del', 1], ['lich', 0], ['te', 1], ['lick', 0]]
leeft naarstich natuyrlyck en voorzichtelick
[['leeft', 0], ['naars', 1], ['tich', 0], ['na', 0], ['tuyr', 1], ['lyck', 0], ['en', 0], ['voor', 0], ['zich', 1], ['te', 0], ['lick', 0]]
want na eerlyck ghewin arbeyd hy vlytelyck
[['want', 1], ['na', 0], ['eer', 1], ['lyck', 0], ['ghe', 0], ['win', 1], ['ar', 1], ['beyd', 0], ['hy', 0], ['vly', 1], ['te', 0], ['lyck', 0]]
daar af neemt hy nódruft na maat profytelyck
[['daar', 0], ['af', 1], ['neemt', 1], ['hy', 1], ['nó', 1], ['druft', 1], ['na', 0], ['maat', 1], ['pro', 0], ['fy', 1], ['te', 0], ['lyck', 1]]
------------problem: Sparende toverschót teghens den tyd winnelóós
sparende toverschót teghens den tyd winnelóós
[['spa', 1], ['ren', 0], ['de', 0], ['to', 1], ['ver', 0], ['schót', 1], ['te', 0], ['ghens', 0], ['den', 0], ['tyd', 0], ['win', 1], ['ne', 0], ['lo', 1], ['́ós', 0]]
al is nu de nódruft door lands zede zinneloos
[['al', 1], ['is', 0], ['nu', 1], ['de', 0], ['nó', 1], ['druft', 0], ['door', 0], ['lands', 1], ['ze', 1], ['de', 0], ['zin', 1], ['ne', 0], ['loos', 0]]
zó hóógh opghesteghen datmen meer heeft van doen
[['zó', 0], ['ho', 0], ['́ógh', 1], ['op', 0], ['ghes', 1], ['te', 1], ['ghen', 0], ['dat', 1], ['men', 1], ['meer', 0], ['heeft', 1], ['van', 0], ['doen', 1]]
dan bróód water woning klederen en schoen
[['dan', 0], ['bro', 1], ['́ód', 0], ['wa', 1], ['ter', 0], ['wo', 1], ['ning', 0], ['kle', 1], ['de', 0], ['ren', 0], ['en', 0], ['schoen', 1]]
zó teert dees ghoede man nóchtans met ghoede reden
[['zó', 0], ['teert', 1], ['dees', 0], ['ghoe', 1], ['de', 0], ['man', 1], ['nóch', 0], ['tans', 0], ['met', 0], ['ghoe', 1], ['de', 0], ['re', 1], ['den', 0]]
waynich boven nódruft veel onder de qua zeden
[['way', 1], ['nich', 0], ['bo', 1], ['ven', 0], ['nó', 1], ['druft', 1], ['veel', 0], ['on', 1], ['der', 1], ['de', 0], ['qua', 1], ['ze', 1], ['den', 0]]
hy kleint te met zyn staat schickt lettel te behoeven
[['hy', 0], ['kleint', 1], ['te', 0], ['met', 0], ['zyn', 1], ['staat', 0], ['schickt', 1], ['let', 0], ['tel', 1], ['te', 0], ['be', 0], ['hoe', 1], ['ven', 0]]
tróóst met zyn overschot der armen zwaar bedroeven
[['tro', 0], ['́óst', 1], ['met', 0], ['zyn', 0], ['o', 1], ['ver', 0], ['schot', 1], ['der', 0], ['ar', 1], ['men', 0], ['zwaar', 1], ['be', 0], ['droe', 1], ['ven', 0]]
is altyd op voordeel en magh zyn rycker lenen
[['is', 0], ['al', 0], ['tyd', 1], ['op', 0], ['voor', 1], ['deel', 1], ['en', 0], ['magh', 1], ['zyn', 0], ['ryc', 1], ['ker', 0], ['le', 1], ['nen', 0]]
zulck raatlyck huysvader zoud ick ter werld menen
[['zulck', 1], ['raat', 1], ['lyck', 0], ['huys', 0], ['va', 1], ['der', 0], ['zoud', 0], ['ick', 1], ['ter', 0], ['werld', 1], ['me', 1], ['nen', 0]]
gheluckigh hóógh boven andren ryck van ghoede
[['ghe', 0], ['luc', 1], ['kigh', 0], ['ho', 1], ['́ógh', 0], ['bo', 1], ['ven', 0], ['an', 1], ['dren', 0], ['ryck', 1], ['van', 0], ['ghoe', 1], ['de', 0]]
want hy leeft hier vayligh vry en bly van moede
[['want', 0], ['hy', 0], ['leeft', 1], ['hier', 0], ['vay', 1], ['ligh', 0], ['vry', 1], ['en', 0], ['bly', 1], ['van', 0], ['moe', 1], ['de', 0]]
onbelaaght onbenydt onbekommert en ghezond
[['on', 1], ['be', 0], ['laaght', 1], ['on', 1], ['be', 0], ['nydt', 1], ['on', 0], ['be', 0], ['kom', 1], ['mert', 0], ['en', 0], ['ghe', 0], ['zond', 1]]
door slechte spys en dranck voor zyn sobere mond
[['door', 0], ['slech', 1], ['te', 0], ['spys', 1], ['en', 0], ['dranck', 1], ['voor', 0], ['zyn', 1], ['so', 0], ['be', 0], ['re', 0], ['mond', 1]]
door een ghoede ghewissen uyt een ghoe wandeling
[['door', 1], ['een', 0], ['ghoe', 1], ['de', 0], ['ghe', 0], ['wis', 1], ['sen', 0], ['uyt', 1], ['een', 0], ['ghoe', 0], ['wan', 1], ['de', 0], ['ling', 0]]
door rechtvaardigh te zyn in al zyn handeling
[['door', 0], ['recht', 0], ['vaar', 1], ['digh', 0], ['te', 0], ['zyn', 1], ['in', 0], ['al', 1], ['zyn', 0], ['han', 1], ['de', 0], ['ling', 0]]
------------problem: En door tvast betrouwen op Gód zynen vader
en door tvast betrouwen op gód zynen vader
[['en', 0], ['door', 1], ['tvast', 0], ['be', 0], ['trou', 1], ['wen', 0], ['op', 1], ['gód', 0], ['zy', 1], ['nen', 0], ['va', 1], ['der', 0]]
die hem trouwelyck bezorght uyt zyn mildheyds ader
[['die', 0], ['hem', 0], ['trou', 1], ['we', 0], ['lyck', 0], ['be', 0], ['zorght', 1], ['uyt', 1], ['zyn', 0], ['mild', 1], ['heyds', 0], ['a', 1], ['der', 0]]
------------problem: Die is zó tspreeckwóórd leert de ryckste die hier leeft
die is zó tspreeckwóórd leert de ryckste die hier leeft
[['die', 0], ['is', 1], ['zó', 0], ['tspreeckwo', 1], ['́órd', 0], ['leert', 1], ['de', 0], ['ryck', 1], ['ste', 0], ['die', 1], ['hier', 1], ['leeft', 1]]
die ghenoegh hebbende ghenoeght met dat hy heeft
[['die', 1], ['ghe', 0], ['noegh', 1], ['heb', 0], ['ben', 1], ['de', 0], ['ghe', 0], ['noeght', 1], ['met', 0], ['dat', 0], ['hy', 1], ['heeft', 0]]
dit ghenoegh is christus die hem heeft is waarlyck ryck
[['dit', 0], ['ghe', 0], ['noegh', 1], ['is', 0], ['chris', 1], ['tus', 0], ['die', 1], ['hem', 0], ['heeft', 1], ['is', 0], ['waar', 1], ['lyck', 0], ['ryck', 1]]
dees perl vind elck diet al om christum veracht als slyck
[['dees', 0], ['perl', 1], ['vind', 0], ['elck', 1], ['diet', 1], ['al', 0], ['om', 0], ['chris', 1], ['tum', 1], ['ve', 0], ['racht', 1], ['als', 0], ['slyck', 1]]
ryckdom en is gheen schat diemen niet magh vermeren
[['ryck', 1], ['dom', 1], ['en', 0], ['is', 1], ['gheen', 0], ['schat', 1], ['die', 0], ['men', 1], ['niet', 0], ['magh', 1], ['ver', 0], ['me', 1], ['ren', 0]]
------------problem: Neen tis ghenoegh hebben zonder meer te begheren
neen tis ghenoegh hebben zonder meer te begheren
[['neen', 1], ['tis', 0], ['ghe', 0], ['noegh', 1], ['heb', 1], ['ben', 0], ['zon', 1], ['der', 0], ['meer', 1], ['te', 0], ['be', 0], ['ghe', 1], ['ren', 0]]
arm zyn van begheren maackt recht rycke menschen
[['arm', 1], ['zyn', 0], ['van', 0], ['be', 1], ['ghe', 0], ['ren', 0], ['maackt', 1], ['recht', 1], ['ryc', 1], ['ke', 0], ['men', 1], ['schen', 0]]
vol ryckdom zynze arm die veel hebbende meer wenschen
[['vol', 0], ['ryck', 1], ['dom', 0], ['zyn', 1], ['ze', 0], ['arm', 1], ['die', 0], ['veel', 0], ['heb', 1], ['ben', 0], ['de', 0], ['meer', 1], ['wen', 1], ['schen', 0]]
zó leyt waare ryckdom niet in kisten vól ghoed
[['zó', 0], ['leyt', 1], ['waa', 0], ['re', 0], ['ryck', 1], ['dom', 0], ['niet', 1], ['in', 0], ['kis', 1], ['ten', 0], ['vól', 1], ['ghoed', 1]]
maar in een vól hert int ghenoeghent ghemoed
[['maar', 0], ['in', 0], ['een', 0], ['vól', 1], ['hert', 0], ['int', 1], ['ghe', 0], ['noe', 1], ['ghent', 0], ['ghe', 0], ['moed', 1]]
------------problem: Tghoed ghenoeghen maackt ryck veel begheren maackt arm
tghoed ghenoeghen maackt ryck veel begheren maackt arm
[['tghoed', 1], ['ghe', 0], ['noe', 1], ['ghen', 0], ['maackt', 1], ['ryck', 0], ['veel', 0], ['be', 1], ['ghe', 0], ['ren', 0], ['maackt', 1], ['arm', 1]]
byt ghenoeghen woont vrueghd byt begheeren ghekarm
[['byt', 1], ['ghe', 0], ['noe', 1], ['ghen', 0], ['woont', 0], ['vrueghd', 1], ['byt', 1], ['be', 0], ['ghee', 1], ['ren', 0], ['ghe', 0], ['karm', 1]]
wie doet veel begheeren waan die baart onghenueght
[['wie', 0], ['doet', 1], ['veel', 0], ['be', 0], ['ghee', 1], ['ren', 0], ['waan', 1], ['die', 0], ['baart', 1], ['on', 1], ['ghe', 0], ['nueght', 1]]
------------problem: Wie vernoegt haast wysheyd die ghebruyckt tklein met vrueght
wie vernoegt haast wysheyd die ghebruyckt tklein met vrueght
[['wie', 1], ['ver', 0], ['noegt', 1], ['haast', 1], ['wys', 0], ['heyd', 1], ['die', 0], ['ghe', 0], ['bruyckt', 1], ['tklein', 1], ['met', 0], ['vrueght', 1]]
alles te verkryghen dat elck begheert en hóógh acht
[['al', 1], ['les', 1], ['te', 0], ['ver', 0], ['kry', 1], ['ghen', 0], ['dat', 0], ['elck', 1], ['be', 0], ['gheert', 1], ['en', 0], ['ho', 1], ['́ógh', 0], ['acht', 1]]
en heeft gód niet ghestelt inde menschelycker macht
[['en', 0], ['heeft', 1], ['gód', 0], ['niet', 1], ['ghe', 0], ['stelt', 1], ['in', 0], ['de', 0], ['men', 1], ['sche', 0], ['lyc', 1], ['ker', 0], ['macht', 1]]
------------problem: Maar van tghunt niet en staat in ons macht om verwerven
maar van tghunt niet en staat in ons macht om verwerven
[['maar', 0], ['van', 0], ['tghunt', 1], ['niet', 0], ['en', 0], ['staat', 1], ['in', 0], ['ons', 0], ['macht', 1], ['om', 1], ['ver', 0], ['wer', 1], ['ven', 0]]
------------problem: Moghen wy tbegheren myden derven en sterven
moghen wy tbegheren myden derven en sterven
[['mo', 1], ['ghen', 0], ['wy', 0], ['tbe', 1], ['ghe', 0], ['ren', 0], ['my', 1], ['den', 0], ['der', 1], ['ven', 0], ['en', 0], ['ster', 1], ['ven', 0]]
dit maackt recht arm van gheest en erfghenaam van góds ryck
[['dit', 0], ['maackt', 1], ['recht', 0], ['arm', 1], ['van', 0], ['gheest', 1], ['en', 0], ['erf', 1], ['ghe', 0], ['naam', 1], ['van', 0], ['góds', 1], ['ryck', 1]]
dezen jóbs zóóne is hebben en derven ghelyck
[['de', 1], ['zen', 0], ['jóbs', 0], ['zo', 0], ['́ó', 1], ['ne', 0], ['is', 0], ['heb', 1], ['ben', 0], ['en', 0], ['der', 1], ['ven', 0], ['ghe', 0], ['lyck', 1]]
want hy verkryght christum die zyn begheert kan matten
[['want', 0], ['hy', 1], ['ver', 0], ['kryght', 1], ['chris', 0], ['tum', 1], ['die', 0], ['zyn', 1], ['be', 0], ['gheert', 1], ['kan', 0], ['mat', 1], ['ten', 0]]
die christum heeft die heeft in hem al godes schatten
[['die', 0], ['chris', 0], ['tum', 1], ['heeft', 1], ['die', 0], ['heeft', 1], ['in', 0], ['hem', 1], ['al', 0], ['go', 1], ['des', 0], ['schat', 1], ['ten', 0]]
hoe lang zuldy ó mensch in valsche ryckdom sluymen
[['hoe', 0], ['lang', 1], ['zul', 0], ['dy', 0], ['ó', 0], ['mensch', 1], ['in', 0], ['val', 1], ['sche', 0], ['ryck', 1], ['dom', 0], ['sluy', 1], ['men', 0]]
------------problem: En dit hemelsche kóórn om thelsche kaf verzuymen
en dit hemelsche kóórn om thelsche kaf verzuymen
[['en', 0], ['dit', 0], ['he', 1], ['mel', 0], ['sche', 0], ['ko', 1], ['́o', 0], ['́rn', 1], ['om', 0], ['thel', 1], ['sche', 0], ['kaf', 1], ['ver', 0], ['zuy', 1], ['men', 0]]
hoe lang zult ghy zótten dus onberadelyck
[['hoe', 0], ['lang', 1], ['zult', 0], ['ghy', 4], ['zót', 1], ['ten', 0], ['dus', 1], ['on', 1], ['be', 0], ['ra', 1], ['de', 0], ['lyck', 1]]
dinghen beminnen die u zyn zó schadelyck
[['din', 1], ['ghen', 0], ['be', 0], ['min', 1], ['nen', 0], ['die', 1], ['u', 0], ['zyn', 1], ['zó', 0], ['scha', 1], ['de', 0], ['lyck', 0]]
ist vreemd dat des smetsers al verslinnende kaken
[['ist', 0], ['vreemd', 1], ['dat', 0], ['des', 0], ['smet', 1], ['sers', 1], ['al', 1], ['ver', 0], ['slin', 1], ['nen', 0], ['de', 0], ['ka', 1], ['ken', 0]]
ten lesten huys en hóf schandelyck uyt braken
[['ten', 0], ['les', 1], ['ten', 0], ['huys', 1], ['en', 0], ['hóf', 0], ['schan', 1], ['de', 0], ['lyck', 0], ['uyt', 0], ['bra', 1], ['ken', 0]]
ist onrecht dat ghebreck pynlyck hun lyf doet quelen
[['ist', 0], ['on', 1], ['recht', 0], ['dat', 0], ['ghe', 0], ['breck', 1], ['pyn', 1], ['lyck', 0], ['hun', 1], ['lyf', 1], ['doet', 0], ['que', 1], ['len', 0]]
die uyt hun overvloed der armen nódruft stelen
[['die', 0], ['uyt', 1], ['hun', 1], ['o', 1], ['ver', 0], ['vloed', 1], ['der', 0], ['ar', 1], ['men', 0], ['nó', 1], ['druft', 0], ['ste', 1], ['len', 0]]
zó wie boven nódruft ghewin óf renthen heeft
[['zó', 0], ['wie', 0], ['bo', 1], ['ven', 0], ['nó', 1], ['druft', 1], ['ghe', 0], ['win', 1], ['óf', 1], ['ren', 0], ['t', 3], ['hen', 1], ['heeft', 1]]
------------problem: En boven tbehoeven de inkoomsten uyt gheeft
en boven tbehoeven de inkoomsten uyt gheeft
[['en', 0], ['bo', 1], ['ven', 0], ['tbe', 0], ['hoe', 1], ['ven', 0], ['de', 0], ['in', 0], ['kooms', 1], ['ten', 0], ['uyt', 1], ['gheeft', 1]]
aan kócks an rof aans an hoeren en an boeven
[['aan', 1], ['kócks', 0], ['an', 1], ['rof', 1], ['aans', 0], ['an', 1], ['hoe', 1], ['ren', 0], ['en', 0], ['an', 1], ['boe', 1], ['ven', 0]]
------------problem: Misbruyckt zyn ryckdom tghebreck zal hem bedroeven
misbruyckt zyn ryckdom tghebreck zal hem bedroeven
[['mis', 0], ['bruyckt', 0], ['zyn', 1], ['ryck', 1], ['dom', 0], ['tghe', 0], ['breck', 1], ['zal', 0], ['hem', 1], ['be', 0], ['droe', 1], ['ven', 0]]
------------problem: Te recht quelt hem tghebreck die met overvloed versluymt
te recht quelt hem tghebreck die met overvloed versluymt
[['te', 0], ['recht', 0], ['quelt', 1], ['hem', 0], ['tghe', 0], ['breck', 1], ['die', 0], ['met', 0], ['o', 1], ['ver', 0], ['vloed', 1], ['ver', 0], ['sluymt', 1]]
tghunt zyns naastens ghebreck moght stóppen en houden ruymt
[['tghunt', 1], ['zyns', 0], ['naas', 1], ['tens', 0], ['ghe', 0], ['breck', 1], ['moght', 0], ['stóp', 1], ['pen', 0], ['en', 0], ['hou', 1], ['den', 0], ['ruymt', 1]]
dit zyn gódlóze dieven stelende hun zelfs ghoed
[['dit', 0], ['zyn', 1], ['gó', 0], ['dló', 1], ['ze', 0], ['die', 1], ['ven', 0], ['ste', 0], ['len', 1], ['de', 0], ['hun', 0], ['zelfs', 1], ['ghoed', 0]]
int alleen verdoen daar zes by mochten zyn ghevoedt
[['int', 0], ['al', 0], ['leen', 1], ['ver', 0], ['doen', 1], ['daar', 0], ['zes', 1], ['by', 0], ['moch', 1], ['ten', 0], ['zyn', 1], ['ghe', 0], ['voedt', 1]]
dees onbarmhertighe zal god niet ontfarmen
[['dees', 0], ['on', 0], ['barm', 0], ['her', 1], ['ti', 0], ['ghe', 0], ['zal', 1], ['god', 0], ['niet', 1], ['ont', 0], ['far', 1], ['men', 0]]
want haar zótte weelde verhonghert góóds armen
[['want', 0], ['haar', 1], ['zót', 1], ['te', 0], ['weel', 1], ['de', 0], ['ver', 0], ['hon', 1], ['ghert', 0], ['go', 1], ['́óds', 0], ['ar', 1], ['men', 0]]
zó liet des rycken pracht den lazarum in nóód
[['zó', 0], ['liet', 1], ['des', 0], ['ryc', 1], ['ken', 0], ['pracht', 1], ['den', 0], ['la', 1], ['za', 0], ['rum', 0], ['in', 0], ['no', 1], ['́ód', 0]]
------------problem: Die dief voer ter hellen darme in Abrams schóót
die dief voer ter hellen darme in abrams schóót
[['die', 0], ['dief', 1], ['voer', 1], ['ter', 0], ['hel', 1], ['len', 0], ['dar', 1], ['me', 1], ['in', 0], ['a', 1], ['brams', 0], ['scho', 1], ['́ót', 0]]
wat zal gód dóch eyschen door zyn rechte rechters mond
[['wat', 0], ['zal', 0], ['gód', 1], ['dóch', 0], ['ey', 1], ['schen', 0], ['door', 1], ['zyn', 0], ['rech', 1], ['te', 0], ['rech', 1], ['ters', 0], ['mond', 1]]
dan der lieffden woecker van onze ontfanghen pond
[['dan', 0], ['der', 0], ['lieff', 1], ['den', 0], ['woec', 1], ['ker', 0], ['van', 0], ['on', 1], ['ze', 0], ['ont', 0], ['fan', 1], ['ghen', 0], ['pond', 1]]
------------problem: Verdoemt Gód die tpond brengt zonder weldaads vóórdeel
verdoemt gód die tpond brengt zonder weldaads vóórdeel
[['ver', 0], ['doemt', 1], ['gód', 0], ['die', 1], ['tpond', 0], ['brengt', 1], ['zon', 1], ['der', 0], ['wel', 0], ['daads', 1], ['vo', 0], ['́ór', 1], ['deel', 0]]
------------problem: Die tpond schentlick verdoet wat verwacht hy daar voor óórdeel
die tpond schentlick verdoet wat verwacht hy daar voor óórdeel
[['die', 0], ['tpond', 0], ['schent', 1], ['lick', 0], ['ver', 0], ['doet', 1], ['wat', 0], ['ver', 0], ['wacht', 1], ['hy', 0], ['daar', 1], ['voor', 1], ['o', 0], ['́ór', 1], ['deel', 0]]
voor een vluchtighe lust eewich durende smerten
[['voor', 0], ['een', 0], ['vluch', 1], ['ti', 0], ['ghe', 0], ['lust', 1], ['ee', 1], ['wich', 0], ['du', 1], ['ren', 0], ['de', 0], ['smer', 1], ['ten', 0]]
bedenckt u ghy quistghoed neemt dit doch ter herten
[['be', 0], ['denckt', 0], ['u', 1], ['ghy', 0], ['quist', 1], ['ghoed', 0], ['neemt', 1], ['dit', 0], ['doch', 1], ['ter', 0], ['her', 1], ['ten', 0]]
zydy gódlóós vreest ghy gód duyvel nóch helle
[['zy', 0], ['dy', 1], ['gódlo', 0], ['́ós', 1], ['vreest', 1], ['ghy', 1], ['gód', 0], ['duy', 1], ['vel', 0], ['nóch', 0], ['hel', 1], ['le', 0]]
------------problem: Vreest dan ten minsten hier tbehoeftigh ghequelle
vreest dan ten minsten hier tbehoeftigh ghequelle
[['vreest', 0], ['dan', 1], ['ten', 0], ['mins', 1], ['ten', 0], ['hier', 1], ['tbe', 0], ['hoef', 1], ['tigh', 0], ['ghe', 0], ['quel', 1], ['le', 0]]
------------problem: Want die hier duer verliest tghoed van zyn ouders gheërft
want die hier duer verliest tghoed van zyn ouders gheërft
[['want', 0], ['die', 1], ['hier', 0], ['duer', 1], ['ver', 0], ['liest', 1], ['tghoed', 0], ['van', 1], ['zyn', 0], ['ou', 1], ['ders', 0], ['ghee', 1], ['̈rft', 0]]
erft zyn eyghen armoe die hem met schanden bederft
[['erft', 1], ['zyn', 0], ['ey', 1], ['ghen', 0], ['ar', 1], ['moe', 1], ['die', 0], ['hem', 1], ['met', 0], ['schan', 1], ['den', 0], ['be', 0], ['derft', 1]]
de wrede ghiericheyd magher en onverzadigh
[['de', 0], ['wre', 1], ['de', 0], ['ghie', 1], ['ric', 0], ['heyd', 1], ['ma', 0], ['gher', 0], ['en', 0], ['on', 1], ['ver', 0], ['za', 1], ['digh', 0]]
------------problem: Is niet min haar dienaar van darmen onghenadigh
is niet min haar dienaar van darmen onghenadigh
[['is', 0], ['niet', 1], ['min', 1], ['haar', 1], ['die', 1], ['naar', 1], ['van', 0], ['dar', 1], ['men', 0], ['on', 1], ['ghe', 0], ['na', 1], ['digh', 0]]
hy jaaght na rycke haaf die hy armoedigh heeft
[['hy', 0], ['jaaght', 1], ['na', 0], ['ryc', 1], ['ke', 0], ['haaf', 1], ['die', 0], ['hy', 1], ['ar', 0], ['moe', 1], ['digh', 0], ['heeft', 1]]
en weet niet dat niemant vant overvloedigh leeft
[['en', 0], ['weet', 1], ['niet', 1], ['dat', 0], ['nie', 1], ['mant', 0], ['vant', 0], ['o', 1], ['ver', 0], ['vloe', 1], ['digh', 0], ['leeft', 1]]
die meer heeft dan ghenoegh en min dan ghenoegh gheniet
[['die', 0], ['meer', 1], ['heeft', 0], ['dan', 0], ['ghe', 0], ['noegh', 1], ['en', 0], ['min', 1], ['dan', 0], ['ghe', 0], ['noegh', 1], ['ghe', 0], ['niet', 1]]
------------problem: Jont zyn kist tgheld wel maar zynen buyck niet
jont zyn kist tgheld wel maar zynen buyck niet
[['jont', 0], ['zyn', 1], ['kist', 1], ['tgheld', 0], ['wel', 1], ['maar', 0], ['zy', 1], ['nen', 0], ['buyck', 1], ['niet', 0]]
------------problem: Eer zou hyt in daerde dan in zyn maagh beghraven
eer zou hyt in daerde dan in zyn maagh beghraven
[['eer', 1], ['zou', 0], ['hyt', 1], ['in', 0], ['daer', 1], ['de', 0], ['dan', 1], ['in', 0], ['zyn', 1], ['maagh', 0], ['beghra', 1], ['ven', 0]]
hy derff niet zat eeten nóch zyn dorst recht laven
[['hy', 0], ['derff', 0], ['niet', 0], ['zat', 0], ['ee', 1], ['ten', 0], ['nóch', 1], ['zyn', 1], ['dorst', 1], ['recht', 0], ['la', 1], ['ven', 0]]
hier blyck de ghiericheyt int straffen rechtvaardigh
[['hier', 0], ['blyck', 1], ['de', 0], ['ghie', 1], ['ric', 0], ['heyt', 0], ['int', 0], ['straf', 1], ['fen', 0], ['recht', 0], ['vaar', 1], ['digh', 0]]
want zy acht haar slave zyn voetsel niet waardigh
[['want', 0], ['zy', 0], ['acht', 1], ['haar', 0], ['sla', 1], ['ve', 0], ['zyn', 0], ['voet', 1], ['sel', 1], ['niet', 0], ['waar', 1], ['digh', 0]]
dees tóónt niemand weldaad dan aan woeckers ghewin
[['dees', 0], ['to', 1], ['́ónt', 0], ['nie', 1], ['mand', 0], ['wel', 1], ['daad', 1], ['dan', 0], ['aan', 1], ['woec', 0], ['kers', 1], ['ghe', 0], ['win', 1]]
hy ontfangt gheern hout vast is ondanckbaar van zin
[['hy', 1], ['ont', 0], ['fangt', 1], ['gheern', 0], ['hout', 1], ['vast', 1], ['is', 0], ['on', 1], ['danck', 0], ['baar', 1], ['van', 0], ['zin', 1]]
en verhoopt ghenoegheyd doort kryghen van veel ghoud
[['en', 0], ['ver', 0], ['hoopt', 1], ['ghe', 0], ['noe', 1], ['gheyd', 0], ['doort', 0], ['kry', 1], ['ghen', 0], ['van', 1], ['veel', 0], ['ghoud', 1]]
------------problem: Maar dit blust ghiericheyd als tvier tinwerpen van houd
maar dit blust ghiericheyd als tvier tinwerpen van houd
[['maar', 1], ['dit', 0], ['blust', 0], ['ghie', 1], ['ric', 0], ['heyd', 1], ['als', 0], ['tvier', 0], ['tin', 1], ['wer', 0], ['pen', 1], ['van', 0], ['houd', 1]]
zó had die zót een werld was daar ghebreck óf behoeft
[['zó', 0], ['had', 1], ['die', 0], ['zót', 1], ['een', 0], ['werld', 1], ['was', 0], ['daar', 1], ['ghe', 0], ['breck', 1], ['óf', 0], ['be', 0], ['hoeft', 1]]
hy droomder meer terstond heeft waanghebreck hem bedroeft
[['hy', 0], ['droom', 1], ['der', 0], ['meer', 1], ['ter', 0], ['stond', 1], ['heeft', 0], ['waan', 1], ['ghe', 0], ['breck', 1], ['hem', 0], ['be', 0], ['droeft', 1]]
------------problem: Recht als de kaeswerpers verachten dontfanghen kaes
recht als de kaeswerpers verachten dontfanghen kaes
[['recht', 1], ['als', 1], ['de', 0], ['kaes', 1], ['wer', 0], ['pers', 1], ['ve', 0], ['rach', 1], ['ten', 0], ['do', 0], ['nt', 0], ['fan', 1], ['ghen', 0], ['kaes', 1]]
en  ux na andere zien zó doet de ghierighe dwaes
[['en', 0], ['ux', 1], ['na', 0], ['an', 1], ['de', 4], ['re', 0], ['zien', 1], ['zó', 0], ['doet', 1], ['de', 0], ['ghie', 1], ['ri', 0], ['ghe', 0], ['dwaes', 1]]
wiens gheldzucht ghelds ghewin zó wainigh magh verzaden
[['wiens', 1], ['gheld', 1], ['zucht', 1], ['ghelds', 1], ['ghe', 0], ['win', 1], ['zó', 0], ['wai', 1], ['nigh', 0], ['magh', 1], ['ver', 0], ['za', 1], ['den', 0]]
alsmen des hels afgrond met zielen magh verladen
[['als', 0], ['men', 1], ['des', 0], ['hels', 1], ['af', 0], ['grond', 1], ['met', 0], ['zie', 1], ['len', 0], ['magh', 1], ['ver', 0], ['la', 1], ['den', 0]]
------------problem: Toverspel walcht van zyn en zoeckt eens anders wyff
toverspel walcht van zyn en zoeckt eens anders wyff
[['to', 1], ['ver', 1], ['spel', 0], ['walcht', 1], ['van', 0], ['zyn', 1], ['en', 0], ['zoeckt', 1], ['eens', 0], ['an', 1], ['ders', 0], ['wyff', 1]]
------------problem: Zó brandt na tvreemde gheld de gheldminnende katyff
zó brandt na tvreemde gheld de gheldminnende katyff
[['zó', 0], ['brandt', 1], ['na', 0], ['tvreem', 1], ['de', 0], ['gheld', 1], ['de', 0], ['gheld', 0], ['min', 1], ['nen', 0], ['de', 0], ['ka', 1], ['tyff', 0]]
die raapt die schraapt die spaart bewaart bezórght en dient
[['die', 0], ['raapt', 1], ['die', 0], ['schraapt', 1], ['die', 0], ['spaart', 1], ['be', 0], ['waart', 1], ['be', 0], ['zórght', 1], ['en', 0], ['dient', 1]]
------------problem: Tsnode gheld en is zyn zelfs noch niemands vriend
tsnode gheld en is zyn zelfs noch niemands vriend
[['tsno', 1], ['de', 0], ['gheld', 1], ['en', 0], ['is', 1], ['zyn', 0], ['zelfs', 1], ['noch', 0], ['nie', 1], ['mands', 0], ['vriend', 1]]
o dóód hoe bitter u dencken met smerte quelt
[['o', 1], ['do', 0], ['́ód', 0], ['hoe', 0], ['bit', 1], ['ter', 0], ['u', 0], ['denc', 1], ['ken', 0], ['met', 0], ['smer', 1], ['te', 0], ['quelt', 1]]
------------problem: Den rycken die op tghoud zyn tróóst en herte stelt
den rycken die op tghoud zyn tróóst en herte stelt
[['den', 0], ['ryc', 1], ['ken', 0], ['die', 0], ['op', 1], ['tghoud', 0], ['zyn', 1], ['tro', 0], ['́óst', 1], ['en', 0], ['her', 1], ['te', 0], ['stelt', 1]]
------------problem: Eer hy vande róde aard kryght tverhoopte misbruyck
eer hy vande róde aard kryght tverhoopte misbruyck
[['eer', 1], ['hy', 0], ['van', 0], ['de', 0], ['ró', 1], ['de', 0], ['aard', 1], ['kryght', 0], ['tver', 0], ['hoop', 1], ['te', 0], ['mis', 0], ['bruyck', 1]]
zwelght hem de zwarte aard diep in haar helsche buyck
[['zwelght', 1], ['hem', 0], ['de', 0], ['zwar', 1], ['te', 0], ['aard', 1], ['diep', 1], ['in', 0], ['haar', 0], ['hel', 1], ['sche', 0], ['buyck', 1]]
de ghierige en quistghoed zyn zót óóck in svólx óóghen
[['de', 0], ['ghie', 1], ['ri', 0], ['ge', 0], ['en', 0], ['quist', 1], ['ghoed', 0], ['zyn', 1], ['zót', 1], ['o', 1], ['́óck', 1], ['in', 0], ['svólx', 1], ['o', 0], ['́ó', 1], ['ghen', 0]]
maar die boven nódruft en beneeden vermoghen
[['maar', 0], ['die', 0], ['bo', 1], ['ven', 0], ['nó', 1], ['druft', 0], ['en', 0], ['be', 1], ['nee', 1], ['den', 0], ['ver', 0], ['mo', 1], ['ghen', 0]]
ryckelycken huyshoudt zó dat zyn gheld noch vermeëert
[['ryc', 1], ['ke', 0], ['lyc', 0], ['ken', 0], ['huys', 1], ['houdt', 0], ['zó', 1], ['dat', 0], ['zyn', 1], ['gheld', 0], ['noch', 1], ['ver', 0], ['mee', 1], ['̈ert', 1]]
wert van al de werld voor een wys mensche gheëert
[['wert', 1], ['van', 0], ['al', 1], ['de', 0], ['werld', 1], ['voor', 1], ['een', 0], ['wys', 1], ['men', 0], ['sche', 0], ['ghee', 1], ['̈ert', 0]]
want hy niet onnuttelyck zóment heet zyn haaff verdoet
[['want', 0], ['hy', 1], ['niet', 1], ['on', 0], ['nut', 1], ['te', 0], ['lyck', 0], ['zó', 1], ['ment', 1], ['heet', 1], ['zyn', 0], ['haaff', 1], ['ver', 0], ['doet', 1]]
nóch niet zórchvuldelyck na gróte winst en wroet
[['nóch', 0], ['niet', 0], ['zórch', 0], ['vul', 1], ['de', 0], ['lyck', 1], ['na', 0], ['gró', 1], ['te', 0], ['winst', 1], ['en', 0], ['wroet', 0]]
maar schynende verzaad vant onverzadelyck ghoed
[['maar', 0], ['schy', 1], ['nen', 0], ['de', 0], ['ver', 0], ['zaad', 1], ['vant', 0], ['on', 1], ['ver', 0], ['za', 1], ['de', 0], ['lyck', 0], ['ghoed', 1]]
zeyt met epicuro tót zyn bedroghen ghemoed
[['zeyt', 1], ['met', 0], ['e', 0], ['pi', 1], ['cu', 0], ['ro', 1], ['tót', 0], ['zyn', 1], ['be', 0], ['dro', 1], ['ghen', 0], ['ghe', 0], ['moed', 1]]
vergróót nu u schuren rust eet drinck en brast
[['ver', 0], ['gro', 1], ['́ót', 1], ['nu', 0], ['u', 0], ['schu', 1], ['ren', 0], ['rust', 1], ['eet', 1], ['drinck', 1], ['en', 0], ['brast', 1]]
nóchtans noemt gód hem dwaas want hy bout opt zand onvast
[['nóch', 1], ['tans', 0], ['noemt', 0], ['gód', 1], ['hem', 0], ['dwaas', 1], ['want', 1], ['hy', 0], ['bout', 1], ['opt', 0], ['zand', 1], ['on', 0], ['vast', 1]]
hy bemindt tyds wellust boven den eewighen gód
[['hy', 1], ['be', 0], ['mindt', 1], ['tyds', 1], ['wel', 0], ['lust', 0], ['bo', 1], ['ven', 0], ['den', 0], ['ee', 1], ['wi', 1], ['ghen', 0], ['gód', 1]]
ghaart schatten op aardryck voor den schalcken dief óf mot
[['ghaart', 0], ['schat', 1], ['ten', 0], ['op', 0], ['aar', 1], ['dryck', 1], ['voor', 1], ['den', 0], ['schalc', 1], ['ken', 0], ['dief', 1], ['óf', 0], ['mot', 1]]
vult vlytigher met gheld zyn boomlóze kist óf pot
[['vult', 0], ['vly', 0], ['ti', 1], ['gher', 0], ['met', 0], ['gheld', 0], ['zyn', 1], ['boom', 0], ['ló', 1], ['ze', 0], ['kist', 1], ['óf', 0], ['pot', 0]]
dan met dueghden zyn ziel is dat niet een oprecht zót
[['dan', 1], ['met', 0], ['duegh', 1], ['den', 0], ['zyn', 1], ['ziel', 0], ['is', 1], ['dat', 0], ['niet', 1], ['een', 0], ['op', 0], ['recht', 1], ['zót', 1]]
ist gheen zót die zóttelyck der zótten waanghoed verkiest
[['ist', 1], ['gheen', 0], ['zót', 1], ['die', 0], ['zót', 1], ['te', 0], ['lyck', 1], ['der', 0], ['zót', 1], ['ten', 0], ['waan', 1], ['ghoed', 0], ['ver', 0], ['kiest', 1]]
------------problem: Daar door hy tewighe en ware ghoed verliest
daar door hy tewighe en ware ghoed verliest
[['daar', 0], ['door', 0], ['hy', 0], ['te', 1], ['wi', 0], ['ghe', 0], ['en', 0], ['wa', 1], ['re', 0], ['ghoed', 1], ['ver', 0], ['liest', 1]]
------------problem: Ist gheen zót die tsnóde lyf boven dedel ziele pryst
ist gheen zót die tsnóde lyf boven dedel ziele pryst
[['ist', 0], ['gheen', 0], ['zót', 1], ['die', 0], ['tsnó', 1], ['de', 0], ['lyf', 1], ['bo', 1], ['ven', 0], ['de', 0], ['del', 0], ['zie', 1], ['le', 0], ['pryst', 1]]
ist gheen zót die zyn gheld boven zyn gód eer bewyst
[['ist', 1], ['gheen', 0], ['zót', 1], ['die', 0], ['zyn', 1], ['gheld', 0], ['bo', 1], ['ven', 0], ['zyn', 1], ['gód', 1], ['eer', 1], ['be', 0], ['wyst', 1]]
------------problem: Elck eert meest tghunt hy meest bezórght dient en bemint
elck eert meest tghunt hy meest bezórght dient en bemint
[['elck', 1], ['eert', 0], ['meest', 1], ['tghunt', 0], ['hy', 0], ['meest', 1], ['be', 0], ['zórght', 1], ['dient', 1], ['en', 0], ['be', 0], ['mint', 1]]
------------problem: Dits den werld wyzen tgheld om datmen wellust door wint
dits den werld wyzen tgheld om datmen wellust door wint
[['dits', 1], ['den', 0], ['werld', 1], ['wy', 1], ['zen', 0], ['tgheld', 1], ['om', 0], ['dat', 1], ['men', 0], ['wel', 0], ['lust', 1], ['door', 0], ['wint', 1]]
------------problem: Wie bout voor themelsche kóórn ruyme en niewe schuren
wie bout voor themelsche kóórn ruyme en niewe schuren
[['wie', 1], ['bout', 1], ['voor', 0], ['the', 1], ['mel', 0], ['sche', 0], ['ko', 1], ['́o', 0], ['́rn', 0], ['ruy', 1], ['me', 0], ['en', 0], ['nie', 1], ['we', 0], ['schu', 1], ['ren', 0]]
------------problem: Om tgheld dencktmen daghen wie denckt om Gód uren
om tgheld dencktmen daghen wie denckt om gód uren
[['om', 0], ['tgheld', 1], ['denckt', 1], ['men', 0], ['da', 1], ['ghen', 0], ['wie', 1], ['denckt', 1], ['om', 1], ['gód', 0], ['u', 1], ['ren', 0]]
elx wóórden zyn christelick elx daad met christo spót
[['elx', 0], ['wo', 1], ['́ór', 0], ['den', 0], ['zyn', 1], ['chris', 1], ['te', 1], ['lick', 0], ['elx', 0], ['daad', 1], ['met', 0], ['chris', 0], ['to', 1], ['spót', 0]]
------------problem: De tong betrout Góde thert zeyt daer en is gheen Gód
de tong betrout góde thert zeyt daer en is gheen gód
[['de', 0], ['tong', 1], ['be', 0], ['trout', 1], ['gó', 1], ['de', 0], ['thert', 1], ['zeyt', 0], ['daer', 1], ['en', 0], ['is', 1], ['gheen', 1], ['gód', 1]]
in hóógh teeren en veel opleggen swerelds prijs leyd
[['in', 0], ['ho', 0], ['́ógh', 0], ['tee', 1], ['ren', 0], ['en', 0], ['veel', 1], ['op', 0], ['leg', 1], ['gen', 0], ['swe', 1], ['relds', 0], ['prijs', 1], ['leyd', 1]]
maar gódes wysheyd vervloeckt deze dwaze werlds wysheyd
[['maar', 0], ['gó', 1], ['des', 0], ['wys', 0], ['heyd', 1], ['ver', 0], ['vloeckt', 1], ['de', 0], ['ze', 0], ['dwa', 1], ['ze', 0], ['werlds', 1], ['wys', 0], ['heyd', 1]]
dees werld wyze door misbruyckt zyn ryckdom doorlyck
[['dees', 0], ['werld', 1], ['wy', 1], ['ze', 1], ['door', 1], ['mis', 0], ['bruyckt', 0], ['zyn', 0], ['ryck', 1], ['dom', 0], ['door', 1], ['lyck', 0]]
int uytgeven ende int bewaren onbehoorlyck
[['int', 0], ['uyt', 1], ['ge', 0], ['ven', 0], ['en', 1], ['de', 0], ['int', 1], ['be', 0], ['wa', 1], ['ren', 0], ['on', 1], ['be', 0], ['hoor', 1], ['lyck', 0]]
------------problem: Svleesch wellust met landzede doen hem te veel behoeven
svleesch wellust met landzede doen hem te veel behoeven
[['svleesch', 1], ['wel', 0], ['lust', 1], ['met', 0], ['land', 1], ['ze', 1], ['de', 0], ['doen', 0], ['hem', 1], ['te', 0], ['veel', 1], ['be', 0], ['hoe', 1], ['ven', 0]]
en te veel verteren tót veel armens bedroeven
[['en', 0], ['te', 0], ['veel', 1], ['ver', 0], ['te', 1], ['ren', 0], ['tót', 1], ['veel', 1], ['ar', 0], ['mens', 1], ['be', 0], ['droe', 1], ['ven', 0]]
wederom doet hem zyn heydens gód mistrouwen
[['we', 0], ['de', 0], ['rom', 1], ['doet', 0], ['hem', 1], ['zyn', 0], ['hey', 1], ['dens', 0], ['gód', 0], ['mis', 0], ['trou', 1], ['wen', 0]]
------------problem: Den naasten verzuymen en tgheld te veel behouwen
den naasten verzuymen en tgheld te veel behouwen
[['den', 0], ['naas', 1], ['ten', 0], ['ver', 0], ['zuy', 1], ['men', 0], ['en', 0], ['tgheld', 1], ['te', 0], ['veel', 1], ['be', 0], ['hou', 1], ['wen', 0]]
------------problem: Maar zegdy tgheld is myn magh ick tmyn niet verteeren
maar zegdy tgheld is myn magh ick tmyn niet verteeren
[['maar', 0], ['zeg', 1], ['dy', 0], ['tgheld', 0], ['is', 1], ['myn', 0], ['magh', 1], ['ick', 1], ['tmyn', 0], ['niet', 1], ['ver', 0], ['tee', 1], ['ren', 0]]
------------problem: Ick ben vraat nóch dronckaart ick leef van tmyn met eeren
ick ben vraat nóch dronckaart ick leef van tmyn met eeren
[['ick', 0], ['ben', 1], ['vraat', 0], ['nóch', 1], ['dronc', 0], ['kaart', 1], ['ick', 0], ['leef', 1], ['van', 0], ['tmyn', 1], ['met', 0], ['ee', 1], ['ren', 0]]
------------problem: En bewaar toverschót tót nut van myn kinderen
en bewaar toverschót tót nut van myn kinderen
[['en', 0], ['be', 1], ['waar', 1], ['to', 1], ['ver', 0], ['schót', 1], ['tót', 0], ['nut', 1], ['van', 0], ['myn', 0], ['kin', 1], ['de', 0], ['ren', 0]]
wien magh myn bewaren oft uytghift dan hinderen
[['wien', 1], ['magh', 0], ['myn', 1], ['be', 0], ['wa', 1], ['ren', 0], ['oft', 1], ['uyt', 1], ['ghift', 0], ['dan', 0], ['hin', 1], ['de', 0], ['ren', 0]]
------------problem: Tgheld hoort u niet maar Gód ghy bewaart des Heeren pond
tgheld hoort u niet maar gód ghy bewaart des heeren pond
[['tgheld', 0], ['hoort', 1], ['u', 0], ['niet', 1], ['maar', 0], ['gód', 1], ['ghy', 1], ['be', 0], ['waart', 1], ['des', 0], ['hee', 1], ['ren', 0], ['pond', 1]]
teert na nódruft niet na dyn wellustighe mond
[['teert', 1], ['na', 0], ['nó', 1], ['druft', 0], ['niet', 1], ['na', 0], ['dyn', 1], ['wel', 0], ['lus', 1], ['ti', 0], ['ghe', 0], ['mond', 1]]
zó mooghdy vanden kóst nóch ryckelyck deelen
[['zó', 1], ['moogh', 0], ['dy', 1], ['van', 1], ['den', 0], ['kóst', 1], ['nóch', 1], ['ryc', 1], ['ke', 0], ['lyck', 0], ['dee', 1], ['len', 0]]
------------problem: Góóds inmaanders darmen dit is Góóds bevelen
góóds inmaanders darmen dit is góóds bevelen
[['go', 0], ['́óds', 1], ['in', 0], ['maan', 1], ['ders', 0], ['dar', 1], ['men', 0], ['dit', 1], ['is', 0], ['go', 0], ['́óds', 1], ['be', 0], ['ve', 1], ['len', 0]]
ziedy deze in nóód voerse met u sparen
[['zie', 0], ['dy', 1], ['de', 1], ['ze', 4], ['in', 4], ['no', 1], ['́ód', 0], ['voer', 1], ['se', 0], ['met', 0], ['u', 0], ['spa', 1], ['ren', 0]]
mooghdy u overschót óóck nóch beter bewaren
[['moogh', 0], ['dy', 1], ['u', 0], ['o', 1], ['ver', 0], ['schót', 1], ['o', 1], ['́óck', 1], ['nóch', 0], ['be', 1], ['ter', 0], ['be', 0], ['wa', 1], ['ren', 0]]
wat ghy den minsten gheeft aan kleet spys ofte dranck
[['wat', 0], ['ghy', 1], ['den', 0], ['mins', 1], ['ten', 0], ['gheeft', 1], ['aan', 1], ['kleet', 0], ['spys', 1], ['of', 1], ['te', 0], ['dranck', 1]]
des danckt u christus zelfs als van zyn eyghen ontfanck
[['des', 1], ['danckt', 0], ['u', 0], ['chris', 1], ['tus', 0], ['zelfs', 1], ['als', 0], ['van', 0], ['zyn', 0], ['ey', 1], ['ghen', 0], ['ont', 0], ['fanck', 1]]
als ghy góóds pond verdoet in u aardsche wellust
[['als', 0], ['ghy', 1], ['go', 1], ['́óds', 1], ['pond', 1], ['ver', 0], ['doet', 1], ['in', 0], ['u', 0], ['aard', 1], ['sche', 0], ['wel', 0], ['lust', 1]]
óf zórghvuldigh opsluyt tót u mistrouwens rust
[['óf', 0], ['zórgh', 0], ['vul', 1], ['digh', 0], ['op', 0], ['sluyt', 1], ['tót', 0], ['u', 0], ['mis', 0], ['trou', 1], ['wens', 0], ['rust', 1]]
u maagh en kist vult maar leegh laatst u naastens buyck
[['u', 0], ['maagh', 1], ['en', 0], ['kist', 1], ['vult', 1], ['maar', 0], ['leegh', 0], ['laatst', 1], ['u', 0], ['naas', 1], ['tens', 0], ['buyck', 1]]
------------problem: Is tuytgheef en opleg dan gheen Gódlóós misbruyck
is tuytgheef en opleg dan gheen gódlóós misbruyck
[['is', 0], ['tuyt', 0], ['gheef', 1], ['en', 0], ['op', 1], ['leg', 0], ['dan', 0], ['gheen', 1], ['gódlo', 1], ['́ós', 1], ['mis', 0], ['bruyck', 1]]
die den armen onthoudt zyn buyck gheeft zyn overvloed
[['die', 0], ['den', 0], ['ar', 1], ['men', 4], ['ont', 0], ['houdt', 1], ['zyn', 0], ['buyck', 1], ['gheeft', 1], ['zyn', 0], ['o', 1], ['ver', 0], ['vloed', 1]]
komt hier in kranckheden hier na inder hellen gloed
[['komt', 1], ['hier', 1], ['in', 0], ['kranc', 1], ['khe', 1], ['den', 0], ['hier', 1], ['na', 0], ['in', 1], ['der', 0], ['hel', 1], ['len', 0], ['gloed', 1]]
noyt was hy anderen mild diet voor hem zelfs te veel is
[['noyt', 1], ['was', 0], ['hy', 0], ['an', 1], ['de', 0], ['ren', 0], ['mild', 0], ['diet', 1], ['voor', 0], ['hem', 0], ['zelfs', 1], ['te', 0], ['veel', 0], ['is', 1]]
hy doet christum vasten diens gód lust vande keel is
[['hy', 0], ['doet', 1], ['chris', 0], ['tum', 1], ['vas', 1], ['ten', 0], ['diens', 1], ['gód', 0], ['lust', 0], ['van', 1], ['de', 0], ['keel', 1], ['is', 0]]
------------problem: NU bestaat tmisbruyck van te veel uytgheven
nu bestaat tmisbruyck van te veel uytgheven
[['nu', 0], ['be', 0], ['staat', 1], ['tmis', 0], ['bruyck', 1], ['van', 0], ['te', 0], ['veel', 0], ['uyt', 1], ['ghe', 1], ['ven', 0]]
in een weeldigh cierlyck en heerlyck leven
[['in', 0], ['een', 0], ['weel', 1], ['digh', 0], ['cier', 1], ['lyck', 0], ['en', 0], ['heer', 1], ['lyck', 0], ['le', 1], ['ven', 0]]
deze drie goddinnen zyn meest by elck gheacht
[['de', 1], ['ze', 0], ['drie', 1], ['god', 0], ['din', 1], ['nen', 0], ['zyn', 0], ['meest', 1], ['by', 0], ['elck', 1], ['ghe', 0], ['acht', 1]]
lust des vleeschs der óóghen met hómoedicheyds pracht
[['lust', 1], ['des', 0], ['vleeschs', 1], ['der', 0], ['o', 1], ['́ó', 1], ['ghen', 0], ['met', 0], ['hó', 0], ['moe', 1], ['dic', 0], ['heyds', 1], ['pracht', 1]]
------------problem: Tweeldighe leven teert kóstelyck en lecker
tweeldighe leven teert kóstelyck en lecker
[['tweel', 1], ['di', 0], ['ghe', 0], ['le', 1], ['ven', 0], ['teert', 1], ['kós', 0], ['te', 0], ['lyck', 0], ['en', 0], ['lec', 1], ['ker', 0]]
dit maackt voor den armen den milden te vrecker
[['dit', 0], ['maackt', 1], ['voor', 0], ['den', 0], ['ar', 1], ['men', 0], ['den', 0], ['mil', 1], ['den', 0], ['te', 0], ['vrec', 1], ['ker', 0]]
die lucht aarde en water moeyelyck doet duerwroeten
[['die', 0], ['lucht', 1], ['aar', 0], ['de', 0], ['en', 0], ['wa', 1], ['ter', 0], ['moe', 1], ['ye', 0], ['lyck', 0], ['doet', 1], ['duer', 0], ['wroe', 1], ['ten', 0]]
------------problem: Om dydelheyd des buycks met wellust zat te boeten
om dydelheyd des buycks met wellust zat te boeten
[['om', 0], ['dy', 1], ['del', 0], ['heyd', 1], ['des', 0], ['buycks', 1], ['met', 0], ['wel', 1], ['lust', 0], ['zat', 1], ['te', 0], ['boe', 1], ['ten', 0]]
vraaghdy wat kóst dees waan met gróte kósten zoeckt
[['vraagh', 0], ['dy', 1], ['wat', 0], ['kóst', 1], ['dees', 0], ['waan', 1], ['met', 0], ['gró', 1], ['te', 0], ['kós', 1], ['ten', 0], ['zoeckt', 1]]
kóst die waan hongher maackt van socrate vervloeckt
[['kóst', 0], ['die', 1], ['waan', 1], ['hon', 1], ['gher', 0], ['maackt', 1], ['van', 0], ['socra', 1], ['te', 0], ['ver', 0], ['vloeckt', 1]]
want die zónder hongher gróten lust maackt tót eeten
[['want', 1], ['die', 0], ['zón', 1], ['der', 0], ['hon', 1], ['gher', 0], ['gró', 1], ['ten', 0], ['lust', 0], ['maackt', 1], ['tót', 0], ['ee', 1], ['ten', 0]]
door verbeelding des smaacks vande leckere beeten
[['door', 1], ['ver', 0], ['beel', 1], ['ding', 1], ['des', 0], ['smaacks', 1], ['van', 0], ['de', 0], ['lec', 1], ['ke', 0], ['re', 0], ['bee', 1], ['ten', 0]]
------------problem: Hier werdt daalmis magher door vetheyd der mórselen
hier werdt daalmis magher door vetheyd der mórselen
[['hier', 1], ['werdt', 0], ['daal', 1], ['mis', 0], ['ma', 1], ['gher', 0], ['door', 1], ['vet', 0], ['heyd', 1], ['der', 0], ['mór', 1], ['se', 1], ['len', 0]]
------------problem: Want tveel behoeven en magh niet veel uytdelen
want tveel behoeven en magh niet veel uytdelen
[['want', 0], ['tveel', 1], ['be', 0], ['hoe', 1], ['ven', 0], ['en', 0], ['magh', 0], ['niet', 1], ['veel', 0], ['uyt', 1], ['de', 0], ['len', 0]]
wie zó mildelick gheeft tót vulsel zynder darmen
[['wie', 0], ['zó', 0], ['mil', 1], ['de', 0], ['lick', 0], ['gheeft', 1], ['tót', 0], ['vul', 1], ['sel', 0], ['zyn', 1], ['der', 0], ['dar', 1], ['men', 0]]
biet christo den rugge en onthouwet den armen
[['biet', 1], ['chris', 0], ['to', 1], ['den', 0], ['rug', 1], ['ge', 0], ['en', 0], ['ont', 0], ['hou', 1], ['wet', 1], ['den', 0], ['ar', 1], ['men', 0]]
al dunckt hem nu dwaselyck dat góóds óórdeel vertraaght
[['al', 0], ['dunckt', 1], ['hem', 0], ['nu', 1], ['dwa', 1], ['se', 0], ['lyck', 0], ['dat', 0], ['go', 1], ['́óds', 1], ['o', 1], ['́ór', 1], ['deel', 1], ['ver', 0], ['traaght', 1]]
zó zyn zy inder daat nu al jammerlyck gheplaaght
[['zó', 0], ['zyn', 1], ['zy', 0], ['in', 1], ['der', 1], ['daat', 0], ['nu', 0], ['al', 1], ['jam', 1], ['mer', 0], ['lyck', 1], ['ghe', 0], ['plaaght', 1]]
haar zótheydt houdt gheen maat maar vergrypt zich blendelick
[['haar', 0], ['zót', 1], ['heydt', 0], ['houdt', 1], ['gheen', 0], ['maat', 1], ['maar', 0], ['ver', 0], ['grypt', 1], ['zich', 0], ['blen', 1], ['de', 0], ['lick', 0]]
dan quelt onlust walghing met zieckten ellendelick
[['dan', 0], ['quelt', 1], ['on', 0], ['lust', 0], ['wal', 1], ['ghing', 0], ['met', 0], ['ziec', 0], ['k', 3], ['ten', 0], ['el', 1], ['len', 0], ['de', 0], ['lick', 0]]
en dan moet de doctoor der lecker verladen rompen
[['en', 0], ['dan', 0], ['moet', 1], ['de', 0], ['doc', 0], ['toor', 1], ['der', 0], ['lec', 1], ['ker', 0], ['ver', 0], ['la', 1], ['den', 0], ['rom', 1], ['pen', 0]]
met dure juleppen den overvloed uytpompen
[['met', 0], ['du', 1], ['re', 0], ['ju', 0], ['lep', 1], ['pen', 4], ['den', 0], ['o', 1], ['ver', 0], ['vloed', 1], ['uyt', 0], ['pom', 1], ['pen', 0]]
elck pronckt met zyn gebreck wie leent niet tkóstel kleed
[['elck', 0], ['pronckt', 1], ['met', 0], ['zyn', 1], ['ge', 0], ['breck', 1], ['wie', 0], ['leent', 1], ['niet', 0], ['tkós', 1], ['tel', 0], ['kleed', 1]]
van schaap wolf óf wurm droeght die niet eerst maar elck weet
[['van', 0], ['schaap', 1], ['wolf', 0], ['óf', 1], ['wurm', 0], ['droeght', 1], ['die', 0], ['niet', 1], ['eerst', 1], ['maar', 0], ['elck', 1], ['weet', 0]]
------------problem: Hem selfs niet eerwaardigh tkleed moet eerlyck doen schynen
hem selfs niet eerwaardigh tkleed moet eerlyck doen schynen
[['hem', 0], ['selfs', 0], ['niet', 1], ['eer', 0], ['waar', 1], ['digh', 0], ['tkleed', 1], ['moet', 0], ['eer', 1], ['lyck', 0], ['doen', 0], ['schy', 1], ['nen', 0]]
dees diere en zótte pracht bloot christum inden zynen
[['dees', 0], ['die', 1], ['re', 0], ['en', 0], ['zót', 1], ['te', 0], ['pracht', 0], ['bloot', 1], ['chris', 1], ['tum', 1], ['in', 1], ['den', 0], ['zy', 1], ['nen', 0]]
------------problem: TCierlycke leven maackt óóck duytghift zó gróót
tcierlycke leven maackt óóck duytghift zó gróót
[['tcier', 1], ['lyc', 1], ['ke', 0], ['le', 1], ['ven', 0], ['maackt', 1], ['o', 0], ['́óck', 0], ['duyt', 1], ['ghift', 0], ['zó', 0], ['gro', 0], ['́ót', 1]]
dattet den duer toesluyt voor christo naackt en blóót
[['dat', 1], ['tet', 4], ['den', 0], ['duer', 1], ['toes', 0], ['luyt', 1], ['voor', 0], ['chris', 1], ['to', 0], ['naackt', 1], ['en', 0], ['blo', 1], ['́ót', 0]]
men zóeckt meer menschen eer door zyd en bont te draghen
[['men', 0], ['zo', 1], ['́eckt', 1], ['meer', 0], ['men', 1], ['schen', 0], ['eer', 1], ['door', 0], ['zyd', 1], ['en', 0], ['bont', 1], ['te', 0], ['dra', 1], ['ghen', 0]]
------------problem: Dan Gód door tkleeden der armen te behaghen
dan gód door tkleeden der armen te behaghen
[['dan', 0], ['gód', 1], ['door', 0], ['tklee', 1], ['den', 0], ['der', 0], ['ar', 1], ['men', 0], ['te', 0], ['be', 0], ['ha', 1], ['ghen', 0]]
alzó laatmen christum in zyn leden verkouwen
[['al', 0], ['zó', 0], ['laat', 1], ['men', 0], ['chris', 0], ['tum', 1], ['in', 0], ['zyn', 1], ['le', 0], ['den', 1], ['ver', 0], ['kou', 1], ['wen', 0]]
om cierlyck te schynen inder luyden aanschouwen
[['om', 0], ['cier', 1], ['lyck', 0], ['te', 0], ['schy', 1], ['nen', 0], ['in', 1], ['der', 0], ['luy', 1], ['den', 0], ['aan', 0], ['schou', 1], ['wen', 0]]
------------problem: Wat magh tdiere purper tót warmt óf decksel strecken
wat magh tdiere purper tót warmt óf decksel strecken
[['wat', 0], ['magh', 1], ['tdie', 1], ['re', 0], ['pur', 1], ['per', 0], ['tót', 0], ['warmt', 1], ['óf', 0], ['deck', 1], ['sel', 0], ['strec', 1], ['ken', 0]]
zou dees onnutte kóst den naackten niet bedecken
[['zou', 1], ['dees', 0], ['on', 0], ['nut', 1], ['te', 0], ['kóst', 1], ['den', 0], ['naac', 1], ['k', 3], ['ten', 0], ['niet', 1], ['be', 0], ['dec', 1], ['ken', 0]]
bracht lazari koude en naacktheyd schóf erigh
[['bracht', 1], ['la', 0], ['za', 1], ['ri', 0], ['kou', 1], ['de', 0], ['en', 0], ['naac', 1], ['ktheyd', 1], ['schóf', 0], ['e', 1], ['righ', 0]]
den pronckaart gheen hetten inden vlammen vierigh
[['den', 0], ['pronc', 1], ['kaart', 0], ['gheen', 1], ['het', 1], ['ten', 0], ['in', 0], ['den', 0], ['vlam', 1], ['men', 0], ['vie', 1], ['righ', 0]]
o verdoemlyck misbruyck voor gheen misbruyck ghekend
[['o', 1], ['ver', 0], ['doem', 1], ['lyck', 0], ['mis', 0], ['bruyck', 1], ['voor', 0], ['gheen', 1], ['mis', 0], ['bruyck', 1], ['ghe', 0], ['kend', 1]]
hoe vermóórdt ghy de ziel door óóghlusts eerzucht blend
[['hoe', 1], ['ver', 0], ['mo', 0], ['́órdt', 0], ['ghy', 1], ['de', 0], ['ziel', 1], ['door', 1], ['o', 1], ['́ógh', 1], ['lusts', 1], ['eer', 1], ['zucht', 0], ['blend', 1]]
------------problem: Den Heer onthoudy tzyn en laat hem naackt na lópen
den heer onthoudy tzyn en laat hem naackt na lópen
[['den', 0], ['heer', 1], ['ont', 0], ['hou', 1], ['dy', 0], ['tzyn', 1], ['en', 0], ['laat', 1], ['hem', 0], ['naackt', 1], ['na', 0], ['ló', 1], ['pen', 0]]
------------problem: Om donnódighen hoop tgheld te gheven by hópen
om donnódighen hoop tgheld te gheven by hópen
[['om', 0], ['don', 0], ['nó', 1], ['di', 1], ['ghen', 0], ['hoop', 1], ['tgheld', 1], ['te', 0], ['ghe', 0], ['ven', 0], ['by', 0], ['hó', 1], ['pen', 0]]
------------problem: Als perlenstickers verwers van tscharlaken
als perlenstickers verwers van tscharlaken
[['als', 1], ['per', 0], ['lens', 1], ['tic', 0], ['kers', 1], ['ver', 0], ['wers', 1], ['van', 0], ['tschar', 0], ['la', 1], ['ken', 0]]
------------problem: Pluymlichte pluymajiers die dwazen tgheld ontschaken
pluymlichte pluymajiers die dwazen tgheld ontschaken
[['pluym', 0], ['lich', 1], ['te', 0], ['pluy', 1], ['maj', 0], ['iers', 1], ['die', 0], ['dwa', 1], ['zen', 0], ['tgheld', 1], ['ont', 0], ['scha', 1], ['ken', 0]]
juweliers tapitsiers met veel smetsende knapen
[['ju', 1], ['we', 0], ['liers', 0], ['ta', 0], ['pit', 1], ['siers', 1], ['met', 0], ['veel', 0], ['smet', 1], ['sen', 0], ['de', 0], ['kna', 1], ['pen', 0]]
beeldsnyders vernuftigh en onze juppiters apen
[['beeld', 0], ['sny', 1], ['ders', 0], ['ver', 0], ['nuf', 1], ['tigh', 0], ['en', 0], ['on', 1], ['ze', 0], ['jup', 0], ['pi', 1], ['ters', 0], ['a', 1], ['pen', 0]]
wiens meeste kunst bestaat in kunstighe loghen
[['wiens', 0], ['mees', 1], ['te', 0], ['kunst', 1], ['be', 0], ['staat', 1], ['in', 0], ['kuns', 1], ['ti', 0], ['ghe', 0], ['lo', 1], ['ghen', 0]]
laat af vólght waarheyd die werdt niet bedroghen
[['laat', 1], ['af', 0], ['vólght', 1], ['waar', 0], ['heyd', 1], ['die', 0], ['werdt', 0], ['niet', 0], ['be', 0], ['dro', 1], ['ghen', 0]]
------------problem: Maar zal zeggen kleedt hem u pracht in darmen niet hier
maar zal zeggen kleedt hem u pracht in darmen niet hier
[['maar', 0], ['zal', 0], ['zeg', 1], ['gen', 0], ['kleedt', 0], ['hem', 1], ['u', 0], ['pracht', 0], ['in', 0], ['dar', 1], ['men', 0], ['niet', 1], ['hier', 1]]
------------problem: Ick was naackt ghy liet my naackt ghaat in teewighe vier
ick was naackt ghy liet my naackt ghaat in teewighe vier
[['ick', 1], ['was', 0], ['naackt', 1], ['ghy', 0], ['liet', 1], ['my', 0], ['naackt', 1], ['ghaat', 0], ['in', 0], ['tee', 1], ['wi', 0], ['ghe', 0], ['vier', 1]]
de heerlycke doet kóst veel meer dan hond valck óf paerd
[['de', 0], ['heer', 1], ['lyc', 0], ['ke', 0], ['doet', 0], ['kóst', 1], ['veel', 0], ['meer', 1], ['dan', 0], ['hond', 1], ['valck', 1], ['óf', 0], ['paerd', 1]]
dan aanden beelden góds die lidtmaten christi waerd
[['dan', 0], ['aan', 1], ['den', 0], ['beel', 1], ['den', 0], ['góds', 1], ['die', 0], ['lidt', 0], ['ma', 1], ['ten', 0], ['chris', 1], ['ti', 0], ['waerd', 1]]
------------problem: Zyn hóghe hert bout hóógh voor hóghen tklein blyft buyten
zyn hóghe hert bout hóógh voor hóghen tklein blyft buyten
[['zyn', 0], ['hó', 1], ['ghe', 0], ['hert', 1], ['bout', 1], ['ho', 0], ['́ógh', 1], ['voor', 0], ['hó', 1], ['ghen', 0], ['tklein', 1], ['blyft', 0], ['buy', 1], ['ten', 0]]
christus was noyt zyn ghast die zal hem óóck uyt sluyten
[['chris', 1], ['tus', 1], ['was', 0], ['noyt', 1], ['zyn', 0], ['ghast', 1], ['die', 0], ['zal', 1], ['hem', 1], ['o', 0], ['́óck', 1], ['uyt', 0], ['sluy', 1], ['ten', 0]]
andere willen leven in gróótachtbaarheyd heerlyck
[['an', 1], ['de', 0], ['re', 0], ['wil', 1], ['len', 0], ['le', 1], ['ven', 0], ['in', 0], ['gro', 1], ['́ó', 0], ['tacht', 1], ['baar', 1], ['heyd', 1], ['heer', 1], ['lyck', 0]]
en zyn slaven veracht van haar hómoed begheerlyck
[['en', 0], ['zyn', 1], ['sla', 1], ['ven', 0], ['ve', 0], ['racht', 1], ['van', 0], ['haar', 1], ['hó', 0], ['moed', 1], ['be', 0], ['gheer', 1], ['lyck', 0]]
de burgher bout huyzen als een prins óf koning
[['de', 0], ['bur', 1], ['gher', 0], ['bout', 0], ['huy', 1], ['zen', 0], ['als', 0], ['een', 0], ['prins', 1], ['óf', 0], ['ko', 1], ['ning', 0]]
zyn ziel blyft een vuyl graf der duyvelen woning
[['zyn', 1], ['ziel', 0], ['blyft', 1], ['een', 0], ['vuyl', 0], ['graf', 1], ['der', 0], ['duy', 1], ['ve', 0], ['len', 0], ['wo', 1], ['ning', 0]]
ist niet misbruyck dit graf uytwendigh te verghulden
[['ist', 0], ['niet', 1], ['mis', 0], ['bruyck', 1], ['dit', 0], ['graf', 1], ['uyt', 0], ['wen', 1], ['digh', 0], ['te', 1], ['ver', 0], ['ghul', 1], ['den', 0]]
alst binnen blyft vol stanx vól helwaardighe schulden
[['alst', 0], ['bin', 1], ['nen', 0], ['blyft', 0], ['vol', 1], ['stanx', 0], ['vól', 1], ['hel', 1], ['waar', 0], ['di', 0], ['ghe', 0], ['schul', 1], ['den', 0]]
heerlyck bout hy gode in zyn ziel een kamer
[['heer', 1], ['lyck', 0], ['bout', 0], ['hy', 0], ['go', 1], ['de', 0], ['in', 0], ['zyn', 0], ['ziel', 1], ['een', 0], ['ka', 1], ['mer', 0]]
die arme huyskens bout dits gode aanghename
[['die', 0], ['ar', 1], ['me', 0], ['huys', 1], ['kens', 0], ['bout', 1], ['dits', 0], ['go', 1], ['de', 0], ['aan', 1], ['ghe', 0], ['na', 1], ['me', 1]]
maar wy bouwen voor ons ghemackelycke lusten
[['maar', 0], ['wy', 0], ['bou', 1], ['wen', 0], ['voor', 1], ['ons', 1], ['ghe', 0], ['mac', 1], ['ke', 0], ['lyc', 1], ['ke', 0], ['lus', 1], ['ten', 0]]
------------problem: Darme Christus heeft niet om zyn hóófd op te rusten
darme christus heeft niet om zyn hóófd op te rusten
[['dar', 1], ['me', 0], ['chris', 1], ['tus', 0], ['heeft', 0], ['niet', 0], ['om', 0], ['zyn', 0], ['ho', 1], ['́ófd', 0], ['op', 1], ['te', 0], ['rus', 1], ['ten', 0]]
------------problem: De Heer leyt inden stal by tghedierte vertreden
de heer leyt inden stal by tghedierte vertreden
[['de', 0], ['heer', 1], ['leyt', 1], ['in', 0], ['den', 0], ['stal', 1], ['by', 0], ['tghe', 0], ['dier', 0], ['te', 1], ['ver', 0], ['tre', 1], ['den', 0]]
de knecht woont int paleys is dit nóch al reden
[['de', 0], ['knecht', 1], ['woont', 0], ['int', 0], ['pa', 1], ['leys', 0], ['is', 0], ['dit', 0], ['nóch', 1], ['al', 0], ['re', 1], ['den', 0]]
waarom boutmen zó hóógh menen wy dat de dóót
[['waa', 0], ['rom', 1], ['bout', 1], ['men', 0], ['zó', 1], ['ho', 1], ['́ógh', 0], ['me', 1], ['nen', 0], ['wy', 0], ['dat', 1], ['de', 0], ['do', 1], ['́ót', 0]]
trap onbreeckt om klimmen in onze huyzen gróót
[['trap', 1], ['on', 0], ['breeckt', 1], ['om', 0], ['klim', 1], ['men', 0], ['in', 0], ['on', 1], ['ze', 0], ['huy', 1], ['zen', 0], ['gro', 0], ['́ót', 1]]
zegghen wy niet zelve in gróót huys woont gróót kruys
[['zeg', 1], ['ghen', 0], ['wy', 0], ['niet', 1], ['zel', 1], ['ve', 4], ['in', 0], ['gro', 1], ['́ót', 0], ['huys', 1], ['woont', 0], ['gro', 1], ['́ót', 1], ['kruys', 1]]
gróót ghezind gróót bewind met dat lastigh ghespuys
[['gro', 0], ['́ót', 1], ['ghe', 0], ['zind', 1], ['gro', 0], ['́ót', 1], ['be', 0], ['wind', 1], ['met', 0], ['dat', 0], ['las', 1], ['tigh', 0], ['ghes', 1], ['puys', 0]]
behalven dat de heer met hertsmoeyelyck verdriet
[['be', 0], ['hal', 1], ['ven', 0], ['dat', 1], ['de', 0], ['heer', 1], ['met', 0], ['herts', 0], ['moe', 1], ['ye', 0], ['lyck', 1], ['ver', 0], ['driet', 1]]
------------problem: Zyn haaf van tonnut vólck onnutlyck verslinden ziet
zyn haaf van tonnut vólck onnutlyck verslinden ziet
[['zyn', 0], ['haaf', 1], ['van', 0], ['ton', 1], ['nut', 1], ['vólck', 1], ['on', 1], ['nut', 0], ['lyck', 0], ['ver', 0], ['slin', 1], ['den', 0], ['ziet', 1]]
óóck van paerd hond en valck die hy moght ontberen
[['o', 0], ['́óck', 1], ['van', 0], ['paerd', 1], ['hond', 0], ['en', 0], ['valck', 1], ['die', 1], ['hy', 0], ['moght', 1], ['ont', 0], ['be', 1], ['ren', 0]]
wat gheniet hy doch meer dan zyn kóst en kleren
[['wat', 1], ['ghe', 0], ['niet', 1], ['hy', 0], ['doch', 1], ['meer', 0], ['dan', 0], ['zyn', 0], ['kóst', 1], ['en', 0], ['kle', 1], ['ren', 0]]
zórghvuldigh bezórght hy die lastighe overvloed
[['zórgh', 0], ['vul', 1], ['digh', 0], ['be', 0], ['zórght', 1], ['hy', 1], ['die', 0], ['las', 1], ['ti', 0], ['ghe', 0], ['o', 1], ['ver', 0], ['vloed', 1]]
en bevindt hier zyn zonde haar zelfs straf en boed
[['en', 1], ['be', 0], ['vindt', 1], ['hier', 0], ['zyn', 1], ['zon', 1], ['de', 0], ['haar', 0], ['zelfs', 1], ['straf', 0], ['en', 0], ['boed', 1]]
lust tót weeldigh leven doet onrecht bewaren
[['lust', 1], ['tót', 0], ['weel', 1], ['digh', 0], ['le', 1], ['ven', 0], ['doet', 1], ['on', 0], ['recht', 1], ['be', 0], ['wa', 1], ['ren', 0]]
in rycke schuren niet in góds arme dienaren
[['in', 1], ['ryc', 1], ['ke', 0], ['schu', 1], ['ren', 0], ['niet', 1], ['in', 0], ['góds', 1], ['ar', 0], ['me', 1], ['die', 0], ['na', 1], ['ren', 0]]
------------problem: Men sluyt kist hert en óór voor tgheroep der armen
men sluyt kist hert en óór voor tgheroep der armen
[['men', 0], ['sluyt', 1], ['kist', 0], ['hert', 1], ['en', 0], ['o', 1], ['́ór', 0], ['voor', 0], ['tghe', 0], ['roep', 1], ['der', 0], ['ar', 1], ['men', 0]]
zal god zulcke dieven int óórdeel óóck ontfarmen
[['zal', 0], ['god', 0], ['zulc', 1], ['ke', 0], ['die', 1], ['ven', 0], ['int', 0], ['o', 1], ['́ór', 1], ['deel', 1], ['o', 0], ['́óck', 1], ['ont', 0], ['far', 1], ['men', 0]]
------------problem: TAardryck is Gódes met alle dat daar inne is
taardryck is gódes met alle dat daar inne is
[['taar', 1], ['dryck', 0], ['is', 0], ['gó', 1], ['des', 0], ['met', 1], ['al', 1], ['le', 0], ['dat', 0], ['daar', 1], ['in', 1], ['ne', 0], ['is', 0]]
hoe kómt dan dat de mensch zó die yck van zinne is
[['hoe', 1], ['kómt', 0], ['dan', 0], ['dat', 1], ['de', 0], ['mensch', 1], ['zó', 0], ['die', 0], ['yck', 1], ['van', 0], ['zin', 1], ['ne', 0], ['is', 0]]
dat hy van enigh ding derf zegghen ziet dat ist myn
[['dat', 0], ['hy', 1], ['van', 0], ['e', 1], ['nigh', 0], ['ding', 1], ['derf', 0], ['zeg', 1], ['ghen', 0], ['ziet', 1], ['dat', 0], ['ist', 1], ['myn', 0]]
wat heeftmen dat niet eerst van gód ontfanghen moet zyn
[['wat', 0], ['heeft', 1], ['men', 0], ['dat', 0], ['niet', 1], ['eerst', 1], ['van', 0], ['gód', 1], ['ont', 0], ['fan', 1], ['ghen', 0], ['moet', 1], ['zyn', 0]]
niet als ons eyghen maar recht als gheleende ghoeden
[['niet', 1], ['als', 1], ['ons', 0], ['ey', 1], ['ghen', 0], ['maar', 0], ['recht', 1], ['als', 0], ['ghe', 0], ['leen', 1], ['de', 0], ['ghoe', 1], ['den', 0]]
om ons den rentemeesteren en góóds armen te voeden
[['om', 0], ['ons', 1], ['den', 0], ['ren', 0], ['te', 0], ['mees', 1], ['te', 0], ['ren', 0], ['en', 0], ['go', 0], ['́óds', 0], ['ar', 1], ['men', 0], ['te', 0], ['voe', 1], ['den', 0]]
om hem zelfs te voeden dees rycke niet en verzuymt
[['om', 0], ['hem', 0], ['zelfs', 1], ['te', 0], ['voe', 1], ['den', 0], ['dees', 0], ['ryc', 1], ['ke', 0], ['niet', 1], ['en', 1], ['ver', 0], ['zuymt', 1]]
maar wie voedt goods armen uyt zyn overschóts ruymt
[['maar', 0], ['wie', 0], ['voedt', 1], ['goods', 0], ['ar', 1], ['men', 0], ['uyt', 1], ['zyn', 0], ['o', 1], ['ver', 0], ['schóts', 1], ['ruymt', 0]]
wy heeten al christens ismen christen zonder liefd
[['wy', 0], ['hee', 1], ['ten', 0], ['al', 1], ['chris', 1], ['tens', 0], ['is', 1], ['men', 0], ['chris', 1], ['ten', 0], ['zon', 1], ['der', 0], ['liefd', 1]]
heeft hy liefd diet vermagh en den armen niet gheriefd
[['heeft', 1], ['hy', 0], ['liefd', 1], ['diet', 1], ['ver', 0], ['magh', 1], ['en', 0], ['den', 0], ['ar', 1], ['men', 0], ['niet', 1], ['ghe', 0], ['riefd', 1]]
hoe moghen wy ons zelfs dóch christenen wanen
[['hoe', 0], ['mo', 1], ['ghen', 0], ['wy', 0], ['ons', 0], ['zelfs', 1], ['dóch', 0], ['chris', 0], ['te', 1], ['nen', 0], ['wa', 1], ['nen', 0]]
------------problem: Als wy Gód weygheren tzyn als hy ons kómt inmanen
als wy gód weygheren tzyn als hy ons kómt inmanen
[['als', 0], ['wy', 0], ['gód', 1], ['wey', 1], ['ghe', 0], ['ren', 0], ['tzyn', 1], ['als', 0], ['hy', 1], ['ons', 0], ['kómt', 1], ['in', 0], ['ma', 1], ['nen', 0]]
gód maant door doorwaarders an ons dooren met óótmoed
[['gód', 0], ['maant', 1], ['door', 0], ['door', 0], ['waar', 1], ['ders', 0], ['an', 1], ['ons', 0], ['doo', 1], ['ren', 0], ['met', 0], ['o', 1], ['́ót', 0], ['moed', 1]]
gheen hóóftsom maar de rent van tzyn niet onze ghoed
[['gheen', 0], ['ho', 1], ['́óft', 0], ['som', 0], ['maar', 1], ['de', 0], ['rent', 1], ['van', 0], ['tzyn', 1], ['niet', 0], ['on', 1], ['ze', 0], ['ghoed', 1]]
gód maant tóverlóóp van onze dertel weelden
[['gód', 1], ['maant', 0], ['tó', 1], ['ver', 0], ['lo', 1], ['́óp', 0], ['van', 0], ['on', 1], ['ze', 1], ['der', 0], ['tel', 0], ['weel', 1], ['den', 0]]
waart niet recht dat wy hem de kruymkens zyns bróóds deelden
[['waart', 0], ['niet', 0], ['recht', 1], ['dat', 0], ['wy', 0], ['hem', 1], ['de', 0], ['kruym', 1], ['kens', 0], ['zyns', 0], ['bro', 1], ['́óds', 0], ['deel', 1], ['den', 0]]
watmen den armen gheeft dat ontfangt gód zelve
[['wat', 1], ['men', 0], ['den', 0], ['ar', 1], ['men', 0], ['gheeft', 1], ['dat', 0], ['ont', 0], ['fangt', 1], ['gód', 0], ['zel', 1], ['ve', 0]]
------------problem: Gód zelve onthou ick tzyn als icx in myn kist delve
gód zelve onthou ick tzyn als icx in myn kist delve
[['gód', 0], ['zel', 1], ['ve', 0], ['ont', 0], ['hou', 1], ['ick', 0], ['tzyn', 1], ['als', 0], ['icx', 1], ['in', 0], ['myn', 0], ['kist', 1], ['del', 0], ['ve', 1]]
dit doet elck elck pleeght nu dees dieft vólkomelyck
[['dit', 0], ['doet', 1], ['elck', 1], ['elck', 1], ['pleeght', 0], ['nu', 0], ['dees', 0], ['dieft', 1], ['vól', 0], ['ko', 1], ['me', 0], ['lyck', 1]]
dits der sodomyten gódlóósheyd verdomelyck
[['dits', 1], ['der', 0], ['so', 1], ['do', 0], ['my', 1], ['ten', 0], ['gó', 0], ['dlo', 1], ['́ós', 0], ['heyd', 1], ['ver', 0], ['do', 0], ['me', 0], ['lyck', 1]]
gód is wel barmhermtigh maar hy is óóck rechtvaardigh
[['gód', 1], ['is', 0], ['wel', 0], ['barm', 1], ['herm', 1], ['tigh', 0], ['maar', 0], ['hy', 1], ['is', 1], ['o', 1], ['́óck', 1], ['recht', 0], ['vaar', 1], ['digh', 0]]
------------problem: Donbarmhertighe is Goods ontfarmen ghants onwaardigh
donbarmhertighe is goods ontfarmen ghants onwaardigh
[['don', 0], ['barm', 1], ['her', 1], ['ti', 0], ['ghe', 0], ['is', 0], ['goods', 1], ['ont', 0], ['far', 1], ['men', 0], ['ghants', 1], ['on', 0], ['waar', 1], ['digh', 0]]
------------problem: Tmisvertrouwen Góóds wil tkind zórghlycke ryckdom erven
tmisvertrouwen góóds wil tkind zórghlycke ryckdom erven
[['tmis', 0], ['ver', 0], ['trou', 1], ['wen', 0], ['go', 1], ['́óds', 1], ['wil', 1], ['tkind', 1], ['zórgh', 1], ['lyc', 0], ['ke', 0], ['ryck', 1], ['dom', 0], ['er', 1], ['ven', 0]]
dees wil van veel hebben doet den armen veel derven
[['dees', 1], ['wil', 1], ['van', 0], ['veel', 0], ['heb', 1], ['ben', 0], ['doet', 1], ['den', 0], ['ar', 1], ['men', 0], ['veel', 0], ['der', 1], ['ven', 0]]
------------problem: Tvólck betrout Gód veel min dan tontrou geld inde pot
tvólck betrout gód veel min dan tontrou geld inde pot
[['tvólck', 1], ['be', 0], ['trout', 0], ['gód', 1], ['veel', 0], ['min', 1], ['dan', 0], ['ton', 1], ['trou', 1], ['geld', 0], ['in', 1], ['de', 0], ['pot', 1]]
------------problem: Gód is hunder tonghen maar tgheld is hun herten God
gód is hunder tonghen maar tgheld is hun herten god
[['gód', 1], ['is', 0], ['hun', 1], ['der', 0], ['ton', 1], ['ghen', 0], ['maar', 0], ['tgheld', 1], ['is', 0], ['hun', 1], ['her', 1], ['ten', 0], ['god', 1]]
dit onrecht bewaren en dit aalmis minderen
[['dit', 0], ['on', 0], ['recht', 1], ['be', 0], ['wa', 1], ['ren', 0], ['en', 1], ['dit', 0], ['aal', 1], ['mis', 0], ['min', 1], ['de', 0], ['ren', 0]]
streckt om ryck te maaken niet ons ziel maar kinderen
[['streckt', 1], ['om', 0], ['ryck', 1], ['te', 0], ['maa', 1], ['ken', 0], ['niet', 1], ['ons', 0], ['ziel', 1], ['maar', 0], ['kin', 1], ['de', 0], ['ren', 0]]
om ons kind lief te doen wy ons vader vertóórnen
[['om', 1], ['ons', 0], ['kind', 0], ['lief', 1], ['te', 0], ['doen', 1], ['wy', 0], ['ons', 0], ['va', 1], ['der', 0], ['ver', 0], ['to', 1], ['́ór', 1], ['nen', 0]]
------------problem: Maar ist óóck liefd datmen tkind beddet inden dóórnen
maar ist óóck liefd datmen tkind beddet inden dóórnen
[['maar', 0], ['ist', 0], ['o', 1], ['́óck', 0], ['liefd', 1], ['dat', 1], ['men', 0], ['tkind', 0], ['bed', 1], ['det', 1], ['in', 4], ['den', 4], ['do', 0], ['́ór', 1], ['nen', 0]]
------------problem: Inden dóórnen die tkoren van Goods wóórd versticken
inden dóórnen die tkoren van goods wóórd versticken
[['in', 1], ['den', 0], ['do', 0], ['́ór', 1], ['nen', 0], ['die', 0], ['tko', 1], ['ren', 0], ['van', 0], ['goods', 1], ['wo', 1], ['́órd', 0], ['ver', 0], ['stic', 1], ['ken', 0]]
------------problem: O dwaze liefd die tkind leyt dóódlycke stricken
o dwaze liefd die tkind leyt dóódlycke stricken
[['o', 0], ['dwa', 1], ['ze', 0], ['liefd', 1], ['die', 0], ['tkind', 0], ['leyt', 1], ['do', 0], ['́ódlyc', 1], ['ke', 0], ['stric', 1], ['ken', 0]]
wie gheeft zyn kind gheen zwaerd tot spelens verblyden
[['wie', 0], ['gheeft', 1], ['zyn', 0], ['kind', 1], ['gheen', 0], ['zwaerd', 1], ['tot', 1], ['spe', 1], ['lens', 1], ['ver', 0], ['bly', 1], ['den', 0]]
wie koopt zyn zoon gheen paerd dat hy niet kan beryden
[['wie', 0], ['koopt', 1], ['zyn', 0], ['zoon', 1], ['gheen', 0], ['paerd', 1], ['dat', 0], ['hy', 0], ['niet', 1], ['kan', 0], ['be', 0], ['ry', 1], ['den', 0]]
dit paerd is ryckdom woest wiens wellustigh smeken
[['dit', 0], ['paerd', 1], ['is', 0], ['ryck', 1], ['dom', 0], ['woest', 1], ['wiens', 0], ['wel', 0], ['lus', 1], ['tigh', 0], ['sme', 1], ['ken', 0]]
den woesten jueghd veeltyds den hals doet breecken
[['den', 0], ['woes', 1], ['ten', 0], ['jueghd', 1], ['veel', 0], ['tyds', 1], ['den', 0], ['hals', 1], ['doet', 0], ['breec', 1], ['ken', 0]]
men klaaght over strengheyd vanden wegh der waarheyd
[['men', 0], ['klaaght', 1], ['o', 1], ['ver', 0], ['streng', 1], ['heyd', 1], ['van', 0], ['den', 0], ['wegh', 1], ['der', 0], ['waar', 1], ['heyd', 1]]
nóch zoeckt elck voor zyn kind meer zorghlycke zwaarheyd
[['nóch', 1], ['zoeckt', 0], ['elck', 1], ['voor', 0], ['zyn', 1], ['kind', 0], ['meer', 0], ['zorgh', 1], ['lyc', 1], ['ke', 0], ['zwaar', 0], ['heyd', 1]]
------------problem: Lust ons dan tverzwaren vanden wegh totten hemel
lust ons dan tverzwaren vanden wegh totten hemel
[['lust', 1], ['ons', 0], ['dan', 1], ['tverz', 0], ['wa', 1], ['ren', 0], ['van', 1], ['den', 0], ['wegh', 1], ['tot', 0], ['ten', 0], ['he', 1], ['mel', 0]]
daar komt ryckaart zwaarlyck als door den naald een kemel
[['daar', 0], ['komt', 1], ['ryc', 1], ['kaart', 0], ['zwaar', 1], ['lyck', 0], ['als', 1], ['door', 1], ['den', 0], ['naald', 1], ['een', 0], ['ke', 1], ['mel', 0]]
------------problem: Die dan daalmis opsluyt om zyn kind ryck te maacken
die dan daalmis opsluyt om zyn kind ryck te maacken
[['die', 0], ['dan', 0], ['daal', 1], ['mis', 1], ['op', 0], ['sluyt', 1], ['om', 0], ['zyn', 1], ['kind', 0], ['ryck', 1], ['te', 0], ['maac', 1], ['ken', 0]]
arbeyd om hem zwaarlyck ten hemel te doen raacken
[['ar', 1], ['beyd', 0], ['om', 0], ['hem', 1], ['zwaar', 1], ['lyck', 1], ['ten', 0], ['he', 1], ['mel', 0], ['te', 0], ['doen', 0], ['raac', 1], ['ken', 0]]
elck plant meer in zyn kind gheld en eerzuchticheyd
[['elck', 0], ['plant', 0], ['meer', 1], ['in', 0], ['zyn', 1], ['kind', 1], ['gheld', 1], ['en', 0], ['eer', 1], ['zuch', 1], ['tic', 0], ['heyd', 1]]
dan de ghoedadighe al nutte godsvruchticheyd
[['dan', 1], ['de', 0], ['ghoe', 0], ['da', 1], ['di', 0], ['ghe', 0], ['al', 0], ['nut', 1], ['te', 0], ['gods', 0], ['vruch', 1], ['tic', 0], ['heyd', 1]]
en elck póóght meer zyn kind gheld dan wysheyd te erven
[['en', 0], ['elck', 1], ['po', 0], ['́óght', 0], ['meer', 1], ['zyn', 0], ['kind', 1], ['gheld', 0], ['dan', 1], ['wys', 0], ['heyd', 1], ['te', 0], ['er', 1], ['ven', 0]]
------------problem: Dus heerschapt ryckdom zót dits tghemeen bederven
dus heerschapt ryckdom zót dits tghemeen bederven
[['dus', 1], ['heer', 0], ['schapt', 0], ['ryck', 1], ['dom', 0], ['zót', 1], ['dits', 0], ['tghe', 0], ['meen', 1], ['be', 0], ['der', 1], ['ven', 0]]
ach betrout gód die laat den vromen gheensins ter nóód
[['ach', 1], ['be', 0], ['trout', 1], ['gód', 1], ['die', 0], ['laat', 1], ['den', 0], ['vro', 1], ['men', 1], ['gheen', 1], ['sins', 1], ['ter', 0], ['no', 1], ['́ód', 0]]
noch zynen zade niet dat ghing nóyt bedelen bróód
[['noch', 0], ['zy', 1], ['nen', 0], ['za', 1], ['de', 0], ['niet', 1], ['dat', 0], ['ghing', 1], ['no', 1], ['́yt', 0], ['be', 1], ['de', 0], ['len', 0], ['bro', 1], ['́ód', 1]]
de christen bouwende op zyn vaders wóórden vast
[['de', 0], ['chris', 1], ['ten', 0], ['bou', 1], ['wen', 0], ['de', 0], ['op', 0], ['zyn', 0], ['va', 1], ['ders', 0], ['wo', 1], ['́ór', 0], ['den', 0], ['vast', 1]]
leeft sober gheeft weeldigh vast dick uyt liefd voor een ghast
[['leeft', 1], ['so', 0], ['ber', 1], ['gheeft', 0], ['weel', 1], ['digh', 0], ['vast', 1], ['dick', 0], ['uyt', 1], ['liefd', 1], ['voor', 1], ['een', 0], ['ghast', 1]]
want hy weet dat een vrou haar kind eer vergheten zouw
[['want', 0], ['hy', 1], ['weet', 1], ['dat', 0], ['een', 0], ['vrou', 1], ['haar', 0], ['kind', 1], ['eer', 1], ['ver', 0], ['ghe', 1], ['ten', 0], ['zouw', 1]]
dan die trouwe vader zyn kinderen ghetrouw
[['dan', 0], ['die', 0], ['trou', 1], ['we', 0], ['va', 1], ['der', 0], ['zyn', 0], ['kin', 1], ['de', 0], ['ren', 0], ['ghe', 0], ['trouw', 1]]
de christen teert spaarlyck deylt mild bewaart voorzichtigh
[['de', 0], ['chris', 1], ['ten', 0], ['teert', 1], ['spaar', 0], ['lyck', 0], ['deylt', 1], ['mild', 1], ['be', 0], ['waart', 1], ['voor', 0], ['zich', 1], ['tigh', 0]]
voor arm voor hem voor kind en is elck nut en stichtigh
[['voor', 0], ['arm', 1], ['voor', 0], ['hem', 1], ['voor', 0], ['kind', 1], ['en', 0], ['is', 1], ['elck', 1], ['nut', 1], ['en', 0], ['stich', 1], ['tigh', 0]]
al eyscht verscheydenheyd elkerlyks verscheyden staat
[['al', 0], ['eyscht', 1], ['ver', 0], ['schey', 1], ['den', 0], ['heyd', 1], ['el', 4], ['ker', 0], ['lyks', 1], ['ver', 0], ['schey', 1], ['den', 0], ['staat', 1]]
nóch gheeft bescheyden liefd hier elck een bescheyden maat
[['nóch', 0], ['gheeft', 1], ['be', 0], ['schey', 1], ['den', 0], ['liefd', 1], ['hier', 1], ['elck', 1], ['een', 0], ['be', 0], ['schey', 1], ['den', 0], ['maat', 1]]
------------problem: Die teert beneden staat wat onder tghemeen besteck
die teert beneden staat wat onder tghemeen besteck
[['die', 0], ['teert', 1], ['be', 0], ['ne', 1], ['den', 0], ['staat', 1], ['wat', 0], ['on', 1], ['der', 0], ['tghe', 0], ['meen', 1], ['be', 0], ['steck', 1]]
------------problem: En snoeyt zyn overvloed tsnoeysel vult sbroeders ghebreck
en snoeyt zyn overvloed tsnoeysel vult sbroeders ghebreck
[['en', 0], ['snoeyt', 1], ['zyn', 0], ['o', 1], ['ver', 0], ['vloed', 1], ['tsnoey', 1], ['sel', 1], ['vult', 0], ['sbroe', 1], ['ders', 0], ['ghe', 0], ['breck', 1]]
------------problem: Dat leert hem tveel gheven door oefening kinnen
dat leert hem tveel gheven door oefening kinnen
[['dat', 0], ['leert', 1], ['hem', 0], ['tveel', 1], ['ghe', 0], ['ven', 0], ['door', 1], ['oe', 1], ['fe', 0], ['ning', 0], ['kin', 1], ['nen', 0]]
hy deylt zyn overvloed waar hy ghebreck kan vinnen
[['hy', 0], ['deylt', 0], ['zyn', 0], ['o', 1], ['ver', 0], ['vloed', 1], ['waar', 0], ['hy', 1], ['ghe', 0], ['breck', 1], ['kan', 0], ['vin', 1], ['nen', 0]]
want hy zyns naastens nóód die nu is meer behert
[['want', 0], ['hy', 1], ['zyns', 0], ['naas', 1], ['tens', 0], ['no', 1], ['́ód', 1], ['die', 1], ['nu', 1], ['is', 0], ['meer', 1], ['be', 0], ['hert', 1]]
dan zyns zelfs óf zyns kinds toekomende onwisse smert
[['dan', 1], ['zyns', 0], ['zelfs', 1], ['óf', 0], ['zyns', 1], ['kinds', 1], ['toe', 0], ['ko', 1], ['men', 1], ['de', 0], ['on', 0], ['wis', 1], ['se', 0], ['smert', 1]]
ja by wylen beweeght door iemands pynlycke last
[['ja', 1], ['by', 0], ['wy', 1], ['len', 0], ['be', 0], ['weeght', 1], ['door', 0], ['ie', 1], ['mands', 0], ['pyn', 1], ['lyc', 0], ['ke', 0], ['last', 1]]
hy tót diens verzading willigh hongherigh vast
[['hy', 1], ['tót', 0], ['diens', 1], ['ver', 0], ['za', 1], ['ding', 0], ['wil', 1], ['ligh', 0], ['hon', 1], ['ghe', 0], ['righ', 0], ['vast', 1]]
maar ziende niemand recht in behoefticheyds plaghen
[['maar', 0], ['zien', 1], ['de', 0], ['nie', 1], ['mand', 0], ['recht', 1], ['in', 0], ['be', 1], ['hoef', 1], ['tic', 1], ['heyds', 0], ['pla', 1], ['ghen', 0]]
------------problem: Ghedenckt hy in Gode danstaande quade daghen
ghedenckt hy in gode danstaande quade daghen
[['ghe', 0], ['denckt', 1], ['hy', 1], ['in', 0], ['go', 1], ['de', 0], ['danstaan', 1], ['de', 0], ['qua', 1], ['de', 0], ['da', 1], ['ghen', 0]]
en bewaart voorzichtigh dat rechtvaardighe overschót
[['en', 0], ['be', 0], ['waart', 1], ['voor', 0], ['zich', 1], ['tigh', 0], ['dat', 1], ['recht', 0], ['vaar', 1], ['di', 0], ['ghe', 0], ['o', 1], ['ver', 0], ['schót', 1]]
voor hem voor wyf voor kind maar byzonder voor gód
[['voor', 0], ['hem', 1], ['voor', 0], ['wyf', 1], ['voor', 0], ['kind', 1], ['maar', 0], ['by', 0], ['zon', 1], ['der', 0], ['voor', 0], ['gód', 1]]
want in dit bewaren is hy meest in onvreden
[['want', 1], ['in', 0], ['dit', 0], ['be', 0], ['wa', 1], ['ren', 0], ['is', 0], ['hy', 0], ['meest', 1], ['in', 0], ['on', 0], ['vre', 1], ['den', 0]]
------------problem: Des zoeckt hy rechte armen om tpond recht te besteden
des zoeckt hy rechte armen om tpond recht te besteden
[['des', 0], ['zoeckt', 1], ['hy', 0], ['rech', 1], ['te', 0], ['ar', 1], ['men', 0], ['om', 0], ['tpond', 1], ['recht', 1], ['te', 1], ['be', 0], ['ste', 1], ['den', 0]]
dit zyn rechte heeren dees leven óóck heerlyck
[['dit', 0], ['zyn', 0], ['rech', 1], ['te', 0], ['hee', 1], ['ren', 0], ['dees', 1], ['le', 1], ['ven', 0], ['o', 1], ['́óck', 0], ['heer', 1], ['lyck', 0]]
doen niemand quaad elck ghoed en gheven zó begheerlyck
[['doen', 0], ['nie', 1], ['mand', 0], ['quaad', 1], ['elck', 1], ['ghoed', 0], ['en', 0], ['ghe', 1], ['ven', 0], ['zó', 1], ['be', 0], ['gheer', 1], ['lyck', 0]]
alst de ghierighe neemt in zyn bodemlóze vuyck
[['alst', 0], ['de', 0], ['ghie', 1], ['ri', 0], ['ghe', 0], ['neemt', 1], ['in', 0], ['zyn', 1], ['bo', 1], ['dem', 0], ['ló', 1], ['ze', 0], ['vuyck', 1]]
------------problem: Is dit van ryckdom niet trechte en Gódlyck ghebruyck
is dit van ryckdom niet trechte en gódlyck ghebruyck
[['is', 1], ['dit', 0], ['van', 0], ['ryck', 1], ['dom', 0], ['niet', 1], ['trech', 1], ['te', 0], ['en', 0], ['gód', 1], ['lyck', 0], ['ghe', 0], ['bruyck', 1]]
------------problem: Tis de beste mensch die Gód meest is ghelyck
tis de beste mensch die gód meest is ghelyck
[['tis', 1], ['de', 0], ['bes', 1], ['te', 0], ['mensch', 1], ['die', 0], ['gód', 0], ['meest', 1], ['is', 0], ['ghe', 0], ['lyck', 1]]
------------problem: Die was ryck en werd arm om darmen te maacken ryck
die was ryck en werd arm om darmen te maacken ryck
[['die', 1], ['was', 0], ['ryck', 1], ['en', 0], ['werd', 0], ['arm', 1], ['om', 0], ['dar', 1], ['men', 1], ['te', 0], ['maac', 1], ['ken', 0], ['ryck', 1]]
------------problem: Boet uwes naastens ghebreck door tderven van u weelde
boet uwes naastens ghebreck door tderven van u weelde
[['boet', 1], ['u', 0], ['wes', 0], ['naas', 1], ['tens', 0], ['ghe', 0], ['breck', 1], ['door', 0], ['tder', 1], ['ven', 0], ['van', 1], ['u', 0], ['weel', 1], ['de', 0]]
ryckt ons armoe anderen zó draghen wy recht goods beelde
[['ryckt', 0], ['ons', 0], ['ar', 1], ['moe', 0], ['an', 1], ['de', 0], ['ren', 0], ['zó', 1], ['dra', 1], ['ghen', 0], ['wy', 0], ['recht', 1], ['goods', 0], ['beel', 1], ['de', 0]]
dunckt iemands onghewoont dit recht ghebruyck wat te streng
[['dunckt', 1], ['ie', 0], ['mands', 0], ['on', 1], ['ghe', 0], ['woont', 1], ['dit', 0], ['recht', 1], ['ghe', 0], ['bruyck', 1], ['wat', 0], ['te', 0], ['streng', 1]]
die lees der naturen wet dees is immers zó eng
[['die', 0], ['lees', 1], ['der', 0], ['na', 1], ['tu', 1], ['ren', 0], ['wet', 1], ['dees', 0], ['is', 1], ['i', 0], ['m', 1], ['mers', 0], ['zó', 1], ['eng', 1]]
doet andren zó ghy wilt dat u zouw gheschieden
[['doet', 0], ['an', 1], ['dren', 0], ['zó', 1], ['ghy', 0], ['wilt', 1], ['dat', 1], ['u', 0], ['zouw', 1], ['ghe', 0], ['schie', 1], ['den', 0]]
------------problem: Wie zou niet begheeren om zyn hongher tontvlieden
wie zou niet begheeren om zyn hongher tontvlieden
[['wie', 1], ['zou', 1], ['niet', 1], ['be', 0], ['ghee', 1], ['ren', 0], ['om', 0], ['zyn', 1], ['hon', 1], ['gher', 0], ['tont', 0], ['vlie', 1], ['den', 0]]
dat een ryck ghezond man een kappoen zou ontbeeren
[['dat', 0], ['een', 0], ['ryck', 1], ['ghe', 0], ['zond', 1], ['man', 1], ['een', 0], ['kap', 0], ['poen', 1], ['zou', 1], ['ont', 0], ['bee', 1], ['ren', 0]]
om óóck verzaadt te zyn door mildheyds klein teeren
[['om', 0], ['o', 0], ['́óck', 1], ['ver', 0], ['zaadt', 1], ['te', 0], ['zyn', 1], ['door', 0], ['mild', 1], ['heyds', 0], ['klein', 0], ['tee', 1], ['ren', 0]]
wie zou niet begheeren tot wermt van zyn koud ghedermt
[['wie', 1], ['zou', 0], ['niet', 1], ['be', 0], ['ghee', 1], ['ren', 0], ['tot', 1], ['wermt', 1], ['van', 0], ['zyn', 1], ['koud', 1], ['ghe', 0], ['dermt', 1]]
------------problem: Tgheld vant bórderen dat den pronckert deckt nóch wermt
tgheld vant bórderen dat den pronckert deckt nóch wermt
[['tgheld', 1], ['vant', 1], ['bór', 0], ['de', 1], ['ren', 0], ['dat', 1], ['den', 0], ['pronc', 1], ['kert', 0], ['deckt', 1], ['nóch', 1], ['wermt', 0]]
zouden wy dan behoefftigh zulx van andren wenschen
[['zou', 1], ['den', 0], ['wy', 0], ['dan', 1], ['be', 0], ['hoeff', 1], ['tigh', 0], ['zulx', 1], ['van', 0], ['an', 1], ['dren', 0], ['wen', 1], ['schen', 0]]
waarom doen wy dat niet den behoeftighen menschen
[['waa', 0], ['rom', 1], ['doen', 1], ['wy', 0], ['dat', 0], ['niet', 1], ['den', 0], ['be', 0], ['hoef', 1], ['ti', 1], ['ghen', 0], ['men', 1], ['schen', 0]]
------------problem: Al darm en óórringhen ghaf Israël tót tsnóóde kalf
al darm en óórringhen ghaf israël tót tsnóóde kalf
[['al', 1], ['darm', 0], ['en', 0], ['o', 1], ['́ó', 0], ['rrin', 1], ['ghen', 0], ['ghaf', 1], ['is', 0], ['raël', 1], ['tót', 1], ['tsno', 0], ['́ó', 1], ['de', 0], ['kalf', 1]]
waarom gheven wy gód onze kleynodyen niet half
[['waa', 0], ['rom', 1], ['ghe', 0], ['ven', 0], ['wy', 0], ['gód', 1], ['on', 1], ['ze', 0], ['kley', 1], ['no', 1], ['dy', 0], ['en', 0], ['niet', 1], ['half', 1]]
zout wel zyn uyt vreze voor die eerlycke schanden
[['zout', 1], ['wel', 0], ['zyn', 1], ['uyt', 0], ['vre', 1], ['ze', 0], ['voor', 1], ['die', 0], ['eer', 1], ['lyc', 0], ['ke', 0], ['schan', 1], ['den', 0]]
dat wy gód meer vólghen dan die ghewoonte vande landen
[['dat', 0], ['wy', 0], ['gód', 0], ['meer', 0], ['vól', 1], ['ghen', 0], ['dan', 0], ['die', 1], ['ghe', 0], ['woon', 1], ['te', 0], ['van', 1], ['de', 0], ['lan', 1], ['den', 0]]
laat ons veel meer vrezen int óórdeel te komen
[['laat', 1], ['ons', 0], ['veel', 0], ['meer', 0], ['vre', 1], ['zen', 0], ['int', 0], ['o', 1], ['́ór', 0], ['deel', 1], ['te', 0], ['ko', 1], ['men', 0]]
------------problem: Wyckt voor schandelycke eer tewigh verdomen
wyckt voor schandelycke eer tewigh verdomen
[['wyckt', 1], ['voor', 0], ['schan', 1], ['de', 0], ['lyc', 0], ['ke', 0], ['eer', 1], ['te', 0], ['wigh', 1], ['ver', 0], ['do', 1], ['men', 0]]
elck onderzoeck met ernst inder waarheyd blótelyck
[['elck', 0], ['on', 1], ['der', 0], ['zoeck', 1], ['met', 0], ['ernst', 1], ['in', 0], ['der', 0], ['waar', 1], ['heyd', 1], ['bló', 1], ['te', 0], ['lyck', 0]]
wat hy nóódlyck verteert ende wat onnóótelyck
[['wat', 0], ['hy', 1], ['no', 1], ['́ód', 0], ['lyck', 0], ['ver', 0], ['teert', 1], ['en', 0], ['de', 0], ['wat', 0], ['on', 0], ['no', 1], ['́ó', 0], ['te', 0], ['lyck', 1]]
------------problem: Donnóótlycke kóst zal hy zó gróót aanschouwen
donnóótlycke kóst zal hy zó gróót aanschouwen
[['don', 0], ['no', 1], ['́ót', 0], ['lyc', 1], ['ke', 0], ['kóst', 0], ['zal', 1], ['hy', 0], ['zó', 1], ['gro', 0], ['́ót', 1], ['aan', 0], ['schou', 1], ['wen', 0]]
dat hy een arm ghezind daar met moght onderhouwen
[['dat', 0], ['hy', 1], ['een', 0], ['arm', 1], ['ghe', 0], ['zind', 1], ['daar', 0], ['met', 1], ['moght', 0], ['on', 1], ['der', 0], ['hou', 1], ['wen', 0]]
------------problem: Verteert weynigh gheeft veel en mindert tbedroeven
verteert weynigh gheeft veel en mindert tbedroeven
[['ver', 0], ['teert', 1], ['wey', 1], ['nigh', 0], ['gheeft', 1], ['veel', 0], ['en', 0], ['min', 1], ['dert', 0], ['tbe', 0], ['droe', 1], ['ven', 0]]
der rechte behoevers door u kleyn behoeven
[['der', 0], ['rech', 1], ['te', 0], ['be', 0], ['hoe', 1], ['vers', 0], ['door', 1], ['u', 0], ['kleyn', 1], ['be', 0], ['hoe', 1], ['ven', 0]]
arm nódruftigh ryck bruyckt u wel ghelyckelyck
[['arm', 1], ['nó', 0], ['druf', 1], ['tigh', 0], ['ryck', 1], ['bruyckt', 0], ['u', 1], ['wel', 1], ['ghe', 0], ['lyc', 1], ['ke', 0], ['lyck', 0]]
lydt duldigh wint naarstigh spaart matigh deylt ryckelyck
[['lydt', 0], ['dul', 1], ['digh', 0], ['wint', 0], ['naars', 1], ['tigh', 0], ['spaart', 1], ['ma', 1], ['tigh', 0], ['deylt', 1], ['ryc', 1], ['ke', 0], ['lyck', 0]]
------------problem: Zó blyfdy als schaapkens int óórdeel by dherder ghoed
zó blyfdy als schaapkens int óórdeel by dherder ghoed
[['zó', 0], ['blyf', 1], ['dy', 0], ['als', 0], ['schaap', 1], ['kens', 0], ['int', 0], ['o', 1], ['́ór', 0], ['deel', 1], ['by', 0], ['dher', 1], ['der', 0], ['ghoed', 0]]
daar af alle bocken scheyden ter helscher gloed
[['daar', 0], ['af', 1], ['al', 1], ['le', 0], ['boc', 1], ['ken', 0], ['schey', 1], ['den', 0], ['ter', 0], ['hel', 1], ['scher', 0], ['gloed', 1]]
------------problem: DAlwetende rechter zal inden jongsten dagh
dalwetende rechter zal inden jongsten dagh
[['dal', 0], ['we', 1], ['ten', 0], ['de', 0], ['rech', 1], ['ter', 0], ['zal', 1], ['in', 4], ['den', 0], ['jong', 1], ['sten', 0], ['dagh', 1]]
elck gheven na zyn werck lóón met vrueghd óf straf met klagh
[['elck', 1], ['ghe', 0], ['ven', 0], ['na', 1], ['zyn', 0], ['werck', 1], ['lo', 1], ['́ón', 1], ['met', 0], ['vrueghd', 1], ['óf', 0], ['straf', 1], ['met', 0], ['klagh', 1]]
wat elck hier doet óf lyd magh wel óf qualyck gheschien
[['wat', 0], ['elck', 1], ['hier', 0], ['doet', 1], ['óf', 0], ['lyd', 1], ['magh', 0], ['wel', 1], ['óf', 0], ['qua', 1], ['lyck', 0], ['ghe', 0], ['schien', 1]]
voor ons rechters óóghen diet al wackerlyck aanzien
[['voor', 1], ['ons', 0], ['rech', 1], ['ters', 0], ['o', 0], ['́ó', 1], ['ghen', 0], ['diet', 1], ['al', 0], ['wac', 1], ['ker', 0], ['lyck', 0], ['aan', 1], ['zien', 1]]
ist dan niet ló ycker tót ons eewigh verblyden
[['ist', 0], ['dan', 0], ['niet', 1], ['ló', 0], ['yc', 1], ['ker', 0], ['tót', 1], ['ons', 1], ['ee', 1], ['wigh', 1], ['ver', 0], ['bly', 1], ['den', 0]]
alles wel dan qualyck te doen óf te lyden
[['al', 1], ['les', 0], ['wel', 1], ['dan', 0], ['qua', 1], ['lyck', 0], ['te', 0], ['doen', 0], ['óf', 1], ['te', 0], ['ly', 1], ['den', 0]]
1 is iemand in armoe vól pynlycke onlust
[['1', 1], ['is', 0], ['ie', 1], ['mand', 0], ['in', 0], ['ar', 1], ['moe', 0], ['vól', 0], ['pyn', 1], ['lyc', 1], ['ke', 0], ['on', 0], ['lust', 1]]
------------problem: Die schou quaad werck óóck tniet doen dats qua rust
die schou quaad werck óóck tniet doen dats qua rust
[['die', 0], ['schou', 1], ['quaad', 0], ['werck', 1], ['o', 0], ['́óck', 1], ['tniet', 0], ['doen', 1], ['dats', 1], ['qua', 1], ['rust', 1]]
al waar hy schóón zelve an zyn armoede schuldigh
[['al', 1], ['waar', 0], ['hy', 0], ['scho', 1], ['́ón', 0], ['zel', 1], ['ve', 0], ['an', 0], ['zyn', 1], ['ar', 1], ['moe', 1], ['de', 0], ['schul', 1], ['digh', 0]]
------------problem: Tschaadt hem niet bruyckt hys recht met lydsaamheyd duldigh
tschaadt hem niet bruyckt hys recht met lydsaamheyd duldigh
[['tschaadt', 1], ['hem', 0], ['niet', 1], ['bruyckt', 0], ['hys', 0], ['recht', 1], ['met', 0], ['lyd', 1], ['saam', 1], ['heyd', 1], ['dul', 1], ['digh', 0]]
twee die slechte nódruft heeft ghebruyckt die manierigh
[['twee', 0], ['die', 0], ['slech', 1], ['te', 0], ['nó', 1], ['druft', 0], ['heeft', 0], ['ghe', 0], ['bruyckt', 1], ['die', 0], ['ma', 0], ['nie', 1], ['righ', 0]]
vermyehde hazard smets en spaarbeck gheldghierigh
[['ver', 0], ['myeh', 1], ['de', 0], ['ha', 1], ['zard', 0], ['smets', 1], ['en', 0], ['spaar', 1], ['beck', 0], ['gheld', 0], ['ghie', 1], ['righ', 0]]
win eerlyck teer matigh en betrou den trouwen gód
[['win', 1], ['eer', 1], ['lyck', 0], ['teer', 0], ['ma', 1], ['tigh', 0], ['en', 0], ['be', 0], ['trou', 1], ['den', 0], ['trou', 1], ['wen', 0], ['gód', 1]]
------------problem: Zó bruyckt hy nódruft recht na tGoddelyck ghebód
zó bruyckt hy nódruft recht na tgoddelyck ghebód
[['zó', 0], ['bruyckt', 1], ['hy', 1], ['nó', 1], ['druft', 0], ['recht', 1], ['na', 0], ['tgod', 1], ['de', 0], ['lyck', 1], ['ghe', 0], ['bód', 1]]
drie de rycke vlie gróót behoef en ontrou bewaren
[['drie', 1], ['de', 0], ['ryc', 1], ['ke', 0], ['vlie', 0], ['gro', 1], ['́ót', 1], ['be', 0], ['hoef', 1], ['en', 0], ['on', 1], ['trou', 1], ['be', 0], ['wa', 1], ['ren', 0]]
zoeck levende kisten zyn schat in te vergharen
[['zoeck', 1], ['le', 0], ['ven', 0], ['de', 0], ['kis', 1], ['ten', 0], ['zyn', 0], ['schat', 1], ['in', 0], ['te', 1], ['ver', 0], ['gha', 1], ['ren', 0]]
------------problem: Veyligh voor den mótten en voor tdie yck belaghen
veyligh voor den mótten en voor tdie yck belaghen
[['vey', 1], ['ligh', 0], ['voor', 1], ['den', 0], ['mót', 1], ['ten', 0], ['en', 0], ['voor', 1], ['tdie', 0], ['yck', 1], ['be', 0], ['la', 1], ['ghen', 0]]
en bruyck zó ryckdom recht na godes wel behaghen
[['en', 0], ['bruyck', 1], ['zó', 0], ['ryck', 1], ['dom', 0], ['recht', 1], ['na', 0], ['go', 1], ['des', 0], ['wel', 1], ['be', 0], ['ha', 1], ['ghen', 0]]
o hoe vrólyck en bly zullen deze anhoren
[['o', 1], ['hoe', 0], ['vró', 1], ['lyck', 0], ['en', 0], ['bly', 1], ['zul', 1], ['len', 0], ['de', 0], ['ze', 1], ['an', 0], ['ho', 1], ['ren', 0]]
dat laatste blyde wóórd komt myns vaders verkoren
[['dat', 0], ['laat', 1], ['ste', 0], ['bly', 1], ['de', 0], ['wo', 1], ['́órd', 0], ['komt', 1], ['myns', 0], ['va', 1], ['ders', 0], ['ver', 0], ['ko', 1], ['ren', 0]]
------------problem: Maar den misbruyckers zal vreeslyck thert doorsnyden
maar den misbruyckers zal vreeslyck thert doorsnyden
[['maar', 1], ['den', 0], ['mis', 0], ['bruyc', 0], ['kers', 1], ['zal', 0], ['vrees', 1], ['lyck', 0], ['thert', 0], ['doorsny', 1], ['den', 0]]
------------problem: Tvreeselycke leste wóórd ghaat ghy vermaledyden
tvreeselycke leste wóórd ghaat ghy vermaledyden
[['tvree', 1], ['se', 0], ['lyc', 0], ['ke', 0], ['les', 0], ['te', 0], ['wo', 1], ['́órd', 0], ['ghaat', 0], ['ghy', 1], ['ver', 0], ['ma', 1], ['le', 0], ['dy', 1], ['den', 0]]
